# Propeller performance at 17 N required thrust
# Also evaluated at 8 N target thrust
# All units in SI (N, W, Nm, N/W)
# ------------------------------------------------------------

     Propeller  RPM at 17 N  Power at 17 N (W)  Torque at 17 N (Nm)  Efficiency at 17 N (N/W)  RPM at 8 N  Power at 8 N (W)  Torque at 8 N (Nm)  Efficiency at 8 N (N/W)
        27x13E         1596           114.2600               0.5915                    0.1887        1127           42.5600              0.3018                   0.2467
        26x15E         1636           119.9900               0.6124                    0.1763        1147           45.5100              0.3116                   0.2341
        26x13E         1723           115.6600               0.5785                    0.1753        1190           45.2400              0.2942                   0.2413
       28x20-4         1000           107.3800               1.0277                    0.1659        1000          107.3800              1.0277                   0.1659
       25x125E         1892           115.6400               0.5594                    0.1583        1273           47.3300              0.2837                   0.2345
        24x12E         2070           120.4300               0.5362                    0.1472        1385           48.6500              0.2717                   0.2265
        22x10E         2516           133.8900               0.4733                    0.1401        1755           48.7700              0.2415                   0.2020
        22x12E         2369           136.1400               0.5077                    0.1390        1633           50.3100              0.2580                   0.2086
       22x12WE         2213           134.3500               0.5394                    0.1385        1503           51.3900              0.2729                   0.2133
     215x10WPN         2507           136.0800               0.4833                    0.1380        1748           49.7000              0.2487                   0.1947
      22x13EPN         2345           137.0700               0.5160                    0.1377        1613           51.1200              0.2621                   0.2038
     215x105PN         2505           136.5100               0.4848                    0.1372        1746           50.1600              0.2493                   0.1938
         22x10         2586           135.9200               0.4711                    0.1366        1814           49.5100              0.2435                   0.1897
       21x10PN         2585           138.2200               0.4804                    0.1347        1813           50.0400              0.2471                   0.1885
     215x13EPN         2413           141.4900               0.5180                    0.1335        1668           52.1000              0.2632                   0.1974
        21x10W         2551           139.9100               0.4892                    0.1334        1784           50.9200              0.2512                   0.1909
      21x105PN         2608           138.8300               0.4789                    0.1334        1832           50.4200              0.2465                   0.1845
       21x12WE         2479           141.5800               0.5066                    0.1331        1724           51.6300              0.2573                   0.1943
          22x8         2797           134.6700               0.4442                    0.1330        1990           48.0700              0.2312                   0.1759
    205x105WPN         2592           141.6400               0.4902                    0.1316        1818           50.9100              0.2515                   0.1854
       21x13WE         2425           143.7700               0.5238                    0.1315        1678           52.7100              0.2657                   0.1942
      205x12WE         2493           144.4300               0.5138                    0.1306        1735           52.2900              0.2606                   0.1907
     205x105PN         2677           141.2500               0.4787                    0.1301        1889           50.5500              0.2463                   0.1796
        21x13E         2518           144.8200               0.5114                    0.1300        1755           52.3600              0.2600                   0.1870
     21x135EPN         2483           146.1000               0.5223                    0.1293        1726           52.8400              0.2653                   0.1912
      205x10PN         2726           140.9500               0.4710                    0.1290        1930           50.4600              0.2426                   0.1743
        20x10W         2775           143.5200               0.4767                    0.1256        1969           50.8500              0.2450                   0.1683
       20x12WE         2712           146.7900               0.4934                    0.1247        1916           51.9000              0.2510                   0.1718
       20x10PN         2854           142.1100               0.4639                    0.1246        2021           50.8000              0.2389                   0.1677
    205x135EPN         2600           149.3800               0.5158                    0.1246        1823           53.6700              0.2622                   0.1776
         20x8E         3211           143.2300               0.4126                    0.1239        2241           53.0000              0.2109                   0.1739
       205x14E         2618           151.2100               0.5195                    0.1231        1838           53.8500              0.2641                   0.1748
      20x105PN         2877           142.7500               0.4648                    0.1231        2032           52.0100              0.2393                   0.1648
     205x14EPN         2620           151.0600               0.5185                    0.1230        1840           53.9700              0.2637                   0.1742
        20x11E         2900           143.6400               0.4647                    0.1219        2043           51.6600              0.2369                   0.1672
        20x10E         3001           140.5500               0.4477                    0.1210        2094           52.3800              0.2281                   0.1687
         20x8W         3030           141.9900               0.4433                    0.1208        2115           53.3500              0.2284                   0.1666
          20x8         3280           147.6300               0.4144                    0.1207        2290           55.1800              0.2143                   0.1674
        20x13E         2760           150.4800               0.4995                    0.1203        1956           53.1100              0.2544                   0.1631
         20x10         3084           145.7900               0.4431                    0.1191        2152           54.7500              0.2285                   0.1641
         19x8E         3464           150.7400               0.3994                    0.1191        2417           55.8400              0.2038                   0.1660
20x15(WCAR-T6)         2640           157.7600               0.5389                    0.1175        1856           56.1900              0.2753                   0.1635
         19x8W         3281           152.1000               0.4261                    0.1172        2290           56.6000              0.2191                   0.1635
        19x10E         3222           151.6900               0.4346                    0.1172        2247           55.9000              0.2211                   0.1653
        20x15E         2678           158.0500               0.5345                    0.1167        1887           55.8700              0.2716                   0.1628
         20x12         2973           147.1900               0.4697                    0.1164        2079           54.4500              0.2418                   0.1612
         19x11         3061           150.8500               0.4639                    0.1146        2136           56.3400              0.2378                   0.1591
  20x18(F1-GT)         2586           163.7600               0.5670                    0.1141        1811           58.5600              0.2874                   0.1647
         20x14         2895           153.6600               0.4983                    0.1138        2040           56.0200              0.2563                   0.1536
       19x12WE         2983           151.0700               0.4821                    0.1131        2083           55.1800              0.2448                   0.1600
        181x10         3280           158.2700               0.4439                    0.1127        2288           58.8100              0.2272                   0.1572
        19x12E         3084           154.3700               0.4704                    0.1127        2150           57.0200              0.2390                   0.1584
       18x55MR         3952           152.3200               0.3660                    0.1125        2756           55.8500              0.1865                   0.1597
        20x15C         2848           157.6100               0.5154                    0.1124        2016           56.4500              0.2649                   0.1504
         18x8W         3588           159.5500               0.4106                    0.1117        2503           59.5100              0.2108                   0.1548
         18x8E         3801           156.7900               0.3863                    0.1117        2651           57.6300              0.1969                   0.1588
        18x10E         3526           161.3800               0.4213                    0.1112        2458           59.1900              0.2142                   0.1574
        181x12         3181           161.9500               0.4718                    0.1092        2218           60.0000              0.2411                   0.1528
         18x10         3704           163.3400               0.4108                    0.1082        2583           60.8000              0.2114                   0.1502
       18x12WE         3255           165.7200               0.4683                    0.1076        2269           61.1700              0.2375                   0.1513
          18x8         3956           160.0000               0.3838                    0.1070        2760           59.8200              0.1981                   0.1489
         18x6W         4046           160.2200               0.3763                    0.1069        2834           59.4800              0.1950                   0.1475
        18x12E         3373           168.2600               0.4572                    0.1067        2351           61.8500              0.2321                   0.1511
       17x10WE         3632           168.5800               0.4294                    0.1057        2532           62.0700              0.2176                   0.1490
         17x7E         4385           167.3600               0.3558                    0.1050        3098           59.8300              0.1819                   0.1439
         17x10         3670           169.7800               0.4290                    0.1045        2559           62.6600              0.2193                   0.1477
         18x12         3585           170.6700               0.4388                    0.1044        2498           63.2900              0.2254                   0.1468
         17x8E         4191           167.0200               0.3735                    0.1043        2963           59.5800              0.1905                   0.1426
          17x8         3972           164.4700               0.3939                    0.1038        2771           60.9200              0.2021                   0.1462
         17x6E         4656           168.3300               0.3385                    0.1037        3272           61.7500              0.1735                   0.1426
  205x205E(CD)         2399           183.1400               0.6733                    0.1036        1656           66.9900              0.3398                   0.1544
          17x6         4386           169.4000               0.3598                    0.1035        3100           61.5500              0.1862                   0.1398
         17x8N         4177           169.0400               0.3795                    0.1028        2951           61.2800              0.1957                   0.1388
        17x12W         3415           175.6400               0.4723                    0.1022        2380           64.8700              0.2406                   0.1434
       16x55MR         4747           170.3200               0.3377                    0.1021        3328           62.1200              0.1715                   0.1426
        17x10E         3932           169.2200               0.4088                    0.1016        2740           62.3500              0.2076                   0.1443
        17x10N         3932           170.6700               0.4121                    0.1007        2741           63.1400              0.2114                   0.1417
          16x7         4570           176.4300               0.3613                    0.0994        3217           64.7900              0.1858                   0.1349
         16x8E         4600           176.9000               0.3598                    0.0991        3234           64.2400              0.1833                   0.1366
     16x7E(3D)         4800           174.7100               0.3432                    0.0991        3363           64.1200              0.1750                   0.1383
          16x8         4338           177.0800               0.3809                    0.0990        3067           63.3600              0.1955                   0.1350
         17x13         3468           181.4300               0.4803                    0.0990        2417           66.6700              0.2447                   0.1400
         18x14         3532           181.2300               0.4725                    0.0988        2460           66.7900              0.2420                   0.1394
         16x6E         5111           174.6500               0.3244                    0.0983        3579           64.1900              0.1659                   0.1373
         17x4W         4768           176.6100               0.3488                    0.0981        3346           66.4000              0.1820                   0.1324
          16x6         4839           176.2900               0.3450                    0.0979        3389           65.8100              0.1779                   0.1339
        17x12E         3775           179.5300               0.4447                    0.0978        2630           65.8800              0.2256                   0.1396
       15x55MR         5220           179.7900               0.3251                    0.0963        3663           64.9900              0.1646                   0.1354
         16x10         4095           179.4300               0.4138                    0.0961        2874           65.4300              0.2116                   0.1327
        16x10E         4326           183.5400               0.3957                    0.0956        3057           65.0300              0.2011                   0.1313
      155x12-4         3339           188.0600               0.5180                    0.0953        2328           69.6700              0.2652                   0.1331
         16x4W         5244           185.0800               0.3327                    0.0934        3688           68.8700              0.1732                   0.1267
         15x6E         5648           186.5300               0.3110                    0.0929        4002           66.5000              0.1590                   0.1264
         15x7E         5348           187.0500               0.3290                    0.0928        3765           67.7800              0.1676                   0.1283
         16x4E         6007           184.2300               0.2924                    0.0923        4224           68.2200              0.1515                   0.1262
  20x225EP(CD)         2452           205.6800               0.7418                    0.0922        1699           74.4700              0.3734                   0.1359
          15x6         5319           188.1500               0.3323                    0.0922        3745           68.9400              0.1711                   0.1261
          15x7         5058           185.6300               0.3492                    0.0921        3537           68.7100              0.1791                   0.1287
          15x8         4839           187.9100               0.3670                    0.0919        3387           69.3400              0.1878                   0.1274
         16x12         3954           186.6700               0.4490                    0.0918        2754           68.7000              0.2289                   0.1304
         15x8E         5139           188.5900               0.3470                    0.0913        3599           68.7100              0.1765                   0.1279
       14x47SF         5403           190.9400               0.3322                    0.0912        3806           67.5300              0.1656                   0.1284
         15x10         4589           194.6000               0.3964                    0.0900        3226           70.6200              0.2025                   0.1243
        16x12E         4193           193.7000               0.4333                    0.0899        2960           68.8900              0.2200                   0.1234
         16x13         3911           192.5500               0.4653                    0.0896        2724           70.5900              0.2369                   0.1276
       14x55MR         5893           192.3400               0.3103                    0.0891        4147           69.4200              0.1571                   0.1233
         15x4E         6627           194.6300               0.2777                    0.0886        4674           71.4200              0.1435                   0.1204
         15x4W         5885           194.7100               0.3141                    0.0880        4150           71.9000              0.1634                   0.1189
         15x11         4510           199.6800               0.4134                    0.0880        3174           72.2800              0.2109                   0.1206
        15x10E         4863           197.1500               0.3834                    0.0874        3399           72.0100              0.1945                   0.1233
         16x14         3874           198.7900               0.4836                    0.0872        2698           73.1100              0.2459                   0.1239
         14x6E         6305           199.0900               0.2985                    0.0866        4435           72.2600              0.1521                   0.1202
          14x7         5628           200.5400               0.3362                    0.0865        3986           71.7600              0.1724                   0.1173
          14x6         5938           199.1300               0.3188                    0.0857        4178           72.8900              0.1638                   0.1178
         14x7E         6007           199.2400               0.3167                    0.0854        4219           72.6600              0.1610                   0.1186
         15x12         4452           205.8300               0.4309                    0.0853        3136           73.9500              0.2197                   0.1173
      15x135-3         3891           203.0300               0.4933                    0.0851        2710           75.1500              0.2517                   0.1200
          14x8         5389           204.4500               0.3566                    0.0850        3795           73.9100              0.1822                   0.1169
       13x47SF         6117           204.1800               0.3166                    0.0839        4297           72.6200              0.1575                   0.1195
         14x4W         6567           206.9700               0.2977                    0.0833        4631           76.2700              0.1543                   0.1132
        14x85E         5731           207.8800               0.3427                    0.0831        4047           73.9500              0.1741                   0.1145
   13x55MRF-RH         6616           207.5600               0.2967                    0.0831        4658           74.7200              0.1501                   0.1157
         14x5N         7128           206.6300               0.2754                    0.0827        5047           76.2300              0.1432                   0.1107
       13x55MR         6680           209.2200               0.2960                    0.0824        4704           74.8900              0.1497                   0.1150
       13x45MR         7218           208.8500               0.2749                    0.0822        5098           75.0200              0.1395                   0.1130
         16x16         3853           213.2100               0.5203                    0.0816        2682           77.9000              0.2641                   0.1167
         14x10         5174           212.8500               0.3880                    0.0810        3623           77.3900              0.1978                   0.1137
        14x10F         5229           214.4700               0.3869                    0.0807        3665           77.2500              0.1957                   0.1137
        13x55E         7098           211.8100               0.2842                    0.0807        5017           76.2300              0.1447                   0.1104
        14x10E         5494           217.1500               0.3717                    0.0801        3873           77.5000              0.1884                   0.1106
         13x7F         6455           215.9600               0.3163                    0.0800        4540           78.0100              0.1603                   0.1111
        13x65E         6843           214.5200               0.2982                    0.0798        4822           77.1200              0.1515                   0.1107
   13x65E(F2B)         6832           214.8000               0.2984                    0.0798        4813           77.3800              0.1515                   0.1105
  13x45EP(F2B)         7800           214.6600               0.2615                    0.0798        5499           78.2900              0.1337                   0.1095
       13x45EP         7800           214.6600               0.2615                    0.0798        5499           78.2900              0.1337                   0.1095
          13x7         6697           218.2600               0.3086                    0.0789        4718           79.5400              0.1583                   0.1079
          13x6         7030           216.4500               0.2933                    0.0787        4967           78.5500              0.1508                   0.1073
         14x11         5104           218.6300               0.4057                    0.0785        3567           80.0800              0.2065                   0.1100
         13x4E         8189           218.0500               0.2528                    0.0784        5787           79.6300              0.1297                   0.1068
       12x58SF         7347           219.5200               0.2828                    0.0784        5181           76.9500              0.1404                   0.1110
       12x47SF         6937           217.7900               0.2997                    0.0783        4888           76.8600              0.1489                   0.1106
         13x4W         7402           219.8600               0.2817                    0.0782        5231           80.5800              0.1456                   0.1060
        12x6SF         6332           221.6100               0.3307                    0.0780        4449           78.6400              0.1641                   0.1107
         135x9         6088           219.5500               0.3432                    0.0779        4274           80.3000              0.1757                   0.1076
         13x8E         6452           222.6500               0.3258                    0.0776        4537           80.1200              0.1652                   0.1082
          13x8         6502           222.8600               0.3239                    0.0775        4574           80.7700              0.1658                   0.1072
        135x10         5705           223.3100               0.3690                    0.0774        4029           79.6900              0.1885                   0.1059
       12x38SF         7514           223.1600               0.2812                    0.0772        5298           78.8900              0.1401                   0.1088
         125x6         7057           222.3100               0.3004                    0.0767        4987           80.0600              0.1538                   0.1051
       12x7E-3         6323           225.5600               0.3366                    0.0765        4443           81.2200              0.1706                   0.1071
          13x4         8111           223.1300               0.2620                    0.0765        5732           82.4800              0.1359                   0.1032
       12x55MR         7358           225.3700               0.2898                    0.0763        5190           80.4900              0.1462                   0.1060
       12x45MR         7952           223.2200               0.2678                    0.0763        5596           80.7100              0.1355                   0.1063
          13x9         5961           224.5100               0.3593                    0.0759        4186           81.2900              0.1830                   0.1058
         14x12         5064           225.4100               0.4227                    0.0759        3534           82.3500              0.2149                   0.1073
   12x45MRF-RH         8039           224.4100               0.2664                    0.0759        5661           80.8400              0.1348                   0.1058
        14x12N         5216           231.2700               0.4177                    0.0747        3653           83.9800              0.2126                   0.1044
        12x8SF         5828           231.7300               0.3773                    0.0743        4102           81.0800              0.1872                   0.1053
   12x6EP(F2B)         7854           230.8400               0.2795                    0.0741        5529           83.3200              0.1418                   0.1031
         12x6E         7859           231.1400               0.2796                    0.0740        5533           83.4900              0.1418                   0.1029
         13x10         5846           232.5400               0.3767                    0.0739        4114           83.3700              0.1917                   0.1024
          12x6         7529           233.5000               0.2940                    0.0737        5311           84.6900              0.1503                   0.1012
        14x12E         5372           236.9000               0.4147                    0.0734        3775           84.5400              0.2098                   0.1027
        13x10F         5963           232.8000               0.3724                    0.0732        4184           83.8300              0.1883                   0.1026
         14x13         5002           233.1200               0.4450                    0.0729        3485           85.5300              0.2259                   0.1036
          12x5         8477           235.2500               0.2631                    0.0729        6010           85.5200              0.1354                   0.0983
          12x7         7225           236.5100               0.3103                    0.0725        5101           85.4400              0.1583                   0.0992
       11x46SF         9036           235.9100               0.2491                    0.0722        6370           83.5300              0.1236                   0.1023
        13x10E         6199           238.7500               0.3646                    0.0720        4350           86.0300              0.1844                   0.1009
       11x47SF         8022           237.1300               0.2824                    0.0718        5643           84.2800              0.1402                   0.1018
          12x4         9164           238.0900               0.2475                    0.0717        6482           88.0800              0.1280                   0.0968
         13x11         5742           241.1500               0.3966                    0.0716        4050           85.8600              0.2017                   0.0986
        14x13N         5185           241.1800               0.4387                    0.0716        3627           87.5100              0.2229                   0.1007
        14x135         4989           238.1900               0.4553                    0.0715        3476           87.4600              0.2309                   0.1014
       11x38SF         8638           240.5300               0.2645                    0.0713        6105           84.7600              0.1315                   0.0999
        125x10         6261           243.7500               0.3686                    0.0707        4395           88.4500              0.1875                   0.0981
         115x6         8101           241.8200               0.2845                    0.0706        5711           88.0800              0.1454                   0.0969
         12x8E         7274           243.4600               0.3170                    0.0706        5129           87.1100              0.1605                   0.0976
          12x8         6997           241.4100               0.3290                    0.0704        4929           87.1700              0.1676                   0.0971
       11x45MR         9122           243.2900               0.2542                    0.0701        6431           87.4900              0.1283                   0.0976
         12x9W         6418           246.4700               0.3626                    0.0701        4510           88.9300              0.1840                   0.0976
         115x4         9119           243.5500               0.2543                    0.0700        6442           89.4200              0.1308                   0.0953
         14x14         4976           243.3500               0.4667                    0.0700        3467           89.3800              0.2366                   0.0993
       11x7E-3         7495           246.0600               0.3105                    0.0699        5282           88.5500              0.1573                   0.0967
       11x55MR         8494           247.1200               0.2760                    0.0695        6007           87.6400              0.1391                   0.0959
        12x85F         7121           246.5100               0.3295                    0.0694        5023           87.9300              0.1666                   0.0958
          12x9         6853           248.3600               0.3443                    0.0690        4822           89.3500              0.1752                   0.0956
       11x45EP         9816           248.7500               0.2413                    0.0686        6948           89.2700              0.1226                   0.0943
        11x7SF         7024           249.0500               0.3378                    0.0684        4945           87.1100              0.1675                   0.0971
        14x14N         5165           252.4900               0.4613                    0.0683        3611           91.3000              0.2341                   0.0964
        11x6-4         7265           252.0600               0.3288                    0.0681        5127           91.6800              0.1690                   0.0926
        11x55E         9146           250.7400               0.2607                    0.0681        6449           90.0100              0.1321                   0.0948
       135x135         5436           256.6800               0.4434                    0.0677        3823           91.8800              0.2250                   0.0939
        12x10W         6359           255.5200               0.3794                    0.0676        4466           91.9400              0.1924                   0.0945
          11x5         9209           253.0600               0.2612                    0.0675        6503           91.8500              0.1335                   0.0928
          11x6         8712           255.3000               0.2781                    0.0671        6155           91.7800              0.1419                   0.0924
          11x4         9827           254.5900               0.2465                    0.0670        6965           92.0600              0.1266                   0.0914
         12x10         6771           257.6300               0.3607                    0.0667        4760           92.4500              0.1833                   0.0928
         11x7E         8533           259.8700               0.2891                    0.0660        6029           92.5400              0.1462                   0.0910
          11x7         8356           260.4800               0.2961                    0.0659        5902           93.7500              0.1508                   0.0902
        135x14         5496           264.9400               0.4533                    0.0656        3869           94.5700              0.2299                   0.0907
        14x14E         5327           265.0400               0.4674                    0.0655        3737           94.4800              0.2356                   0.0923
       10x46SF        10586           262.5400               0.2356                    0.0652        7477           92.0100              0.1166                   0.0925
       10x47SF         9347           262.9900               0.2672                    0.0651        6591           92.4200              0.1324                   0.0924
       10x38SF        10068           262.4600               0.2484                    0.0649        7113           92.1600              0.1234                   0.0917
          11x3        11018           262.3800               0.2273                    0.0648        7815           96.8600              0.1178                   0.0872
        11x9-4         6466           267.4100               0.3904                    0.0646        4544           96.9500              0.1993                   0.0893
        12x10E         7036           264.1200               0.3577                    0.0645        4954           94.0900              0.1807                   0.0897
         105x6         9341           267.9100               0.2728                    0.0639        6594           96.7000              0.1389                   0.0881
   10x38MRF-RH        10273           267.5900               0.2475                    0.0639        7255           95.4800              0.1243                   0.0888
   10x45MRF-RH        10553           267.9600               0.2414                    0.0638        7453           95.5300              0.1216                   0.0890
         12x11         6707           269.7200               0.3806                    0.0638        4712           97.1800              0.1932                   0.0885
        105x45        11275           267.7000               0.2261                    0.0638        8004           97.1300              0.1163                   0.0865
       10x45MR        10480           268.4400               0.2436                    0.0637        7401           96.1200              0.1227                   0.0884
         11x8E         8319           269.5200               0.3073                    0.0636        5866           95.8400              0.1553                   0.0884
          11x8         8151           268.7000               0.3133                    0.0636        5737           97.1300              0.1594                   0.0878
        13x13N         6290           272.4500               0.4091                    0.0633        4411           98.2900              0.2079                   0.0882
         11x8F         8439           272.7000               0.3066                    0.0629        5959           96.7800              0.1549                   0.0871
         13x14         5614           277.8800               0.4666                    0.0625        3961           98.4500              0.2361                   0.0859
       10x55MR         9832           273.3800               0.2650                    0.0624        6944           97.1400              0.1333                   0.0867
         10x5E        10800           273.5400               0.2414                    0.0624        7629           98.3100              0.1221                   0.0864
        11x85E         8240           275.8900               0.3182                    0.0621        5802           98.5600              0.1606                   0.0863
        10x6-4         8609           278.5700               0.3072                    0.0616        6084          100.7800              0.1577                   0.0838
          10x4        11484           278.1400               0.2307                    0.0614        8144          101.1700              0.1181                   0.0834
  10x58EP(F2B)        10213           278.5800               0.2597                    0.0613        7210           99.4800              0.1311                   0.0852
          10x5        10664           279.0100               0.2489                    0.0613        7540          101.1000              0.1268                   0.0840
          11x9         8038           278.0500               0.3303                    0.0612        5645          100.6200              0.1678                   0.0850
       13x135N         6276           281.9000               0.4247                    0.0612        4400          101.7800              0.2155                   0.0852
        10x7SF         8297           281.2900               0.3216                    0.0610        5844           98.3000              0.1594                   0.0864
         10x6E        10248           280.8300               0.2608                    0.0608        7233          100.3400              0.1317                   0.0845
        95x5MR        10939           279.8300               0.2442                    0.0608        7718           99.5400              0.1226                   0.0852
         12x12         6677           284.1100               0.4029                    0.0607        4688          102.2000              0.2040                   0.0843
          10x6        10120           283.7800               0.2673                    0.0601        7148          102.2200              0.1360                   0.0827
          10x3        13012           285.7100               0.2098                    0.0595        9245          105.3500              0.1083                   0.0801
        12x12N         6880           288.2000               0.3986                    0.0593        4834          103.7300              0.2020                   0.0822
         10x6F        10732           288.3400               0.2558                    0.0592        7576          103.6300              0.1293                   0.0820
        9x37SF        13186           288.3800               0.2085                    0.0591        9336          101.5300              0.1030                   0.0834
         10x7E         9893           290.4200               0.2797                    0.0587        6983          103.0200              0.1411                   0.0816
        9x41SF        12774           290.8000               0.2167                    0.0587        9047          101.7100              0.1072                   0.0827
        9x38SF        11953           290.6200               0.2321                    0.0586        8442          102.2600              0.1150                   0.0830
         11x10         7978           291.7800               0.3494                    0.0583        5599          105.1000              0.1771                   0.0816
          10x7         9790           293.4200               0.2851                    0.0582        6913          104.7700              0.1448                   0.0805
        9x46SF        12394           294.5800               0.2262                    0.0580        8761          103.0900              0.1118                   0.0821
        9x47SF        11115           294.0600               0.2526                    0.0580        7847          103.3000              0.1250                   0.0819
         95x45        13272           294.6000               0.2114                    0.0579        9416          107.1700              0.1084                   0.0789
        12x12E         6951           297.3800               0.4083                    0.0573        4883          105.6200              0.2055                   0.0805
         12x13         6664           300.9400               0.4272                    0.0573        4678          107.8500              0.2160                   0.0800
          95x6        11321           299.5700               0.2517                    0.0570        8014          107.2800              0.1281                   0.0784
        11x10E         8096           299.4800               0.3520                    0.0570        5688          106.9900              0.1774                   0.0800
    9x45MRF-RH        12432           300.0600               0.2297                    0.0569        8790          106.4900              0.1155                   0.0793
     11x55R-RH        11724           300.3400               0.2439                    0.0568        8294          107.3200              0.1231                   0.0790
        9x45MR        12461           300.6900               0.2296                    0.0568        8813          107.1000              0.1155                   0.0789
         9x45E        12757           302.4900               0.2258                    0.0564        9034          107.9700              0.1140                   0.0779
          10x8         9586           304.3200               0.3016                    0.0563        6757          108.8300              0.1529                   0.0780
        12x13N         6871           304.2200               0.4208                    0.0562        4825          108.7000              0.2128                   0.0786
         10x8E         9670           305.0600               0.2998                    0.0561        6815          108.4900              0.1511                   0.0781
          93x3        14362           306.4300               0.2031                    0.0556       10222          111.8500              0.1043                   0.0754
         9x6SF        10333           309.2700               0.2844                    0.0553        7282          107.9700              0.1407                   0.0787
           9x4        13812           308.0100               0.2128                    0.0553        9803          111.6600              0.1085                   0.0756
         11x11         7935           309.5000               0.3715                    0.0551        5566          111.4700              0.1880                   0.0769
         95x7N        15872           310.5400               0.1867                    0.0548        8311          113.4400              0.1297                   0.0746
        9x8E-3         9384           313.1100               0.3170                    0.0547        6605          111.6800              0.1596                   0.0764
           9x5        12980           311.9100               0.2295                    0.0545        9190          112.5400              0.1167                   0.0750
        11x12W         7295           316.3400               0.4111                    0.0543        5133          112.6800              0.2074                   0.0755
         9x6-4        10197           314.3100               0.2933                    0.0543        7198          113.5700              0.1500                   0.0746
          9x6E        11725           315.0100               0.2558                    0.0542        8276          112.2100              0.1288                   0.0755
           9x3        14845           315.0500               0.2026                    0.0540       10558          115.1900              0.1038                   0.0733
         12x14         6664           319.8100               0.4543                    0.0539        4677          114.0500              0.2293                   0.0757
        875x50        13129           318.6300               0.2314                    0.0535        9290          114.6800              0.1174                   0.0737
        95x75N        11739           320.5600               0.2601                    0.0532        8276          115.3900              0.1325                   0.0734
          10x9         9435           321.8500               0.3240                    0.0532        6639          115.2800              0.1641                   0.0739
           9x6        12392           320.8200               0.2463                    0.0532        8761          115.2500              0.1251                   0.0733
        925x60        13503           320.8600               0.2264                    0.0532        9548          116.1700              0.1156                   0.0728
          9x5F        13647           321.5600               0.2244                    0.0531        9664          115.2500              0.1132                   0.0734
          9x65        12029           321.6900               0.2554                    0.0529        8481          115.9900              0.1296                   0.0731
         11x12         7950           326.4500               0.3912                    0.0522        5575          116.9600              0.1975                   0.0733
        9x75SF         9957           328.7600               0.3150                    0.0518        7014          114.9000              0.1561                   0.0732
          9x3N        17772           328.9700               0.1766                    0.0518       12745          122.1700              0.0912                   0.0689
        8x38SF        14456           329.8700               0.2174                    0.0517       10232          115.7100              0.1075                   0.0730
        8x41SF        15079           329.3200               0.2086                    0.0517       10665          115.5600              0.1030                   0.0731
           9x7        12152           332.3800               0.2608                    0.0513        8572          119.5700              0.1323                   0.0709
          7x9E        17217           332.4500               0.1841                    0.0512       12282          121.7900              0.0943                   0.0692
        11x12E         7588           336.8100               0.4207                    0.0511        5331          119.6900              0.2111                   0.0717
          9x75        11798           337.4000               0.2727                    0.0505        8312          121.1100              0.1381                   0.0699
         9x75E        11235           338.0900               0.2864                    0.0505        7923          119.9600              0.1440                   0.0702
        8x47SF        13488           338.4100               0.2390                    0.0504        9526          118.4000              0.1181                   0.0715
         10x10         9361           343.6600               0.3488                    0.0498        6581          122.8500              0.1762                   0.0694
          8x4E        15939           341.5000               0.2044                    0.0498       11293          122.2200              0.1029                   0.0690
          9x6N        14925           341.9400               0.2189                    0.0498       10552          124.0900              0.1118                   0.0681
        8x45MR        15220           343.5300               0.2151                    0.0496       10767          122.2800              0.1080                   0.0690
        10x10E         9486           347.1800               0.3477                    0.0494        6672          123.3300              0.1746                   0.0691
         11x13         7945           347.9500               0.4174                    0.0490        5571          124.5200              0.2104                   0.0689
          78x4        17789           348.8600               0.1870                    0.0488       12662          126.9000              0.0953                   0.0664
           8x4        16947           348.8500               0.1966                    0.0488       12052          126.2400              0.1000                   0.0666
       875x70N        13820           353.1500               0.2435                    0.0482        9745          126.6200              0.1237                   0.0667
           9x8        11921           352.9500               0.2823                    0.0482        8392          126.4400              0.1428                   0.0670
           8x5        16017           355.4200               0.2118                    0.0478       11342          128.0700              0.1075                   0.0659
          9x85        11684           359.2300               0.2924                    0.0475        8228          128.1400              0.1479                   0.0660
         8x6SF        12769           359.3600               0.2680                    0.0475        9009          124.9900              0.1325                   0.0672
         8x375        19373           359.5300               0.1770                    0.0474       13840          130.8000              0.0904                   0.0643
      9x45R-RH        16591           361.7000               0.2079                    0.0471       11759          128.9400              0.1045                   0.0654
       875x75N        13754           365.5500               0.2535                    0.0466        9691          130.9100              0.1285                   0.0645
          8x6E        14277           366.6600               0.2447                    0.0465       10084          130.2500              0.1229                   0.0646
    9x39SFR-PC        17904           367.0600               0.1955                    0.0464       12765          131.8800              0.0984                   0.0639
       875x75W        14371           368.1100               0.2440                    0.0463       10137          131.5500              0.1237                   0.0640
          8x4F        18169           368.1800               0.1933                    0.0462       12938          131.7500              0.0973                   0.0638
           8x6        15571           370.4300               0.2266                    0.0460       11012          132.4500              0.1148                   0.0634
       9x44SFR        17500           372.5100               0.2031                    0.0457       12435          133.2700              0.1021                   0.0633
           9x9        11828           376.8900               0.3037                    0.0452        8321          134.4100              0.1532                   0.0630
      875x75NN        14579           380.0700               0.2484                    0.0449       10274          136.1200              0.1259                   0.0620
      875x80NN        14573           382.2900               0.2501                    0.0446       10268          136.8200              0.1266                   0.0617
       7x38WSF        16852           382.3200               0.2163                    0.0445       11923          133.3200              0.1067                   0.0631
     875x775NN        14590           385.4200               0.2518                    0.0442       10282          137.6000              0.1275                   0.0614
         11x14         8257           388.5500               0.4472                    0.0441        5805          137.8500              0.2249                   0.0617
        7x41SF        19046           385.6000               0.1934                    0.0441       13473          134.9200              0.0953                   0.0625
         7x4SF        18765           386.6500               0.1964                    0.0440       13288          135.0400              0.0968                   0.0624
          78x6        16595           389.5500               0.2239                    0.0437       11730          139.3600              0.1133                   0.0605
           8x7        15334           389.8700               0.2422                    0.0437       10816          138.9800              0.1224                   0.0606
           7x3        23786           394.9900               0.1585                    0.0431       17052          143.8300              0.0806                   0.0584
       10x12WE         8896           396.1200               0.4242                    0.0431        6249          139.9400              0.2122                   0.0608
          7x4E        19710           395.8400               0.1916                    0.0430       13990          140.6700              0.0960                   0.0597
       875x85N        13678           396.7300               0.2765                    0.0430        9629          141.1400              0.1396                   0.0599
         88x85        14075           396.0300               0.2687                    0.0430        9919          140.8400              0.1356                   0.0598
           7x4        20747           398.8000               0.1835                    0.0427       14756          143.7300              0.0928                   0.0586
     875x825NN        14555           402.0100               0.2631                    0.0424       10254          143.5500              0.1329                   0.0588
         88x89        13976           404.5500               0.2764                    0.0420        9837          144.0700              0.1393                   0.0585
          9x10        11840           406.7400               0.3272                    0.0419        8326          144.5800              0.1647                   0.0586
      875x875W        14280           407.9800               0.2723                    0.0418       10064          144.6600              0.1373                   0.0582
     875x875NN        14529           408.9000               0.2683                    0.0417       10232          145.2100              0.1353                   0.0581
         7x5SF        18035           408.2300               0.2159                    0.0417       12729          142.4900              0.1065                   0.0592
       875x90W        14256           413.6900               0.2765                    0.0412       10046          146.8200              0.1393                   0.0573
          7x5E        18690           414.4200               0.2114                    0.0411       13218          146.9300              0.1059                   0.0573
         88x90        14041           414.0600               0.2815                    0.0411        9889          146.9300              0.1417                   0.0573
           7x5        20081           415.4800               0.1976                    0.0409       14226          148.9600              0.0998                   0.0565
    8x37SFR-PC        22038           415.6300               0.1802                    0.0409       15742          148.7400              0.0902                   0.0566
        88x875        13986           416.4600               0.2846                    0.0408        9845          148.0100              0.1433                   0.0570
      875x90NN        14519           418.8800               0.2749                    0.0407       10224          148.7300              0.1384                   0.0567
           8x8        15244           419.7500               0.2625                    0.0406       10737          149.4000              0.1323                   0.0565
          8x73        15774           420.4000               0.2540                    0.0405       11114          149.4400              0.1280                   0.0563
          78x7        16269           422.1200               0.2475                    0.0404       11471          150.2600              0.1246                   0.0562
     875x925NN        14508           423.2200               0.2778                    0.0403       10216          150.0300              0.1398                   0.0562
      875x925W        14254           423.7500               0.2833                    0.0402       10044          149.7800              0.1425                   0.0561
         65x29        27513           426.4800               0.1479                    0.0399       19767          155.1200              0.0749                   0.0542
       8x42SFR        21745           430.5400               0.1889                    0.0395       15445          152.7400              0.0944                   0.0552
         65x37        25551           430.7100               0.1609                    0.0395       18223          155.7100              0.0814                   0.0540
        88x925        13990           430.9100               0.2942                    0.0395        9847          153.0900              0.1478                   0.0551
         88x95        14066           433.1200               0.2940                    0.0393        9905          153.4100              0.1477                   0.0549
        88x975        14083           433.9100               0.2941                    0.0392        9919          153.9600              0.1477                   0.0547
         7x6SF        17693           439.2200               0.2368                    0.0388       12473          153.0200              0.1168                   0.0551
          7x6W        18103           440.5300               0.2325                    0.0386       12791          156.7500              0.1167                   0.0537
          7x4F        23449           441.0700               0.1796                    0.0386       16748          157.8600              0.0898                   0.0533
        6x31SF        26507           442.2200               0.1593                    0.0385       18881          154.4400              0.0779                   0.0544
          7x6E        18209           443.0400               0.2320                    0.0384       12852          156.7400              0.1161                   0.0537
           7x6        19675           444.5200               0.2155                    0.0383       13900          157.9500              0.1086                   0.0532
        74x75C        16215           445.7300               0.2623                    0.0382       11435          158.0500              0.1316                   0.0534
          63x4        24755           449.0200               0.1732                    0.0379       17616          161.2200              0.0872                   0.0522
        74x76C        16189           449.8000               0.2651                    0.0379       11414          159.7500              0.1330                   0.0529
       6x42E-3        22018           451.6100               0.1959                    0.0376       15591          160.8300              0.0983                   0.0524
        74x77C        16171           453.4100               0.2675                    0.0376       11401          160.7000              0.1342                   0.0525
           8x9        15187           459.0400               0.2884                    0.0371       10687          162.4900              0.1446                   0.0520
           6x3        30631           464.3300               0.1448                    0.0366       22013          167.3500              0.0727                   0.0502
        6x41SF        25166           467.6900               0.1773                    0.0364       17812          162.7400              0.0871                   0.0517
         65x50        24360           468.9200               0.1837                    0.0363       17240          167.3300              0.0925                   0.0503
         6x45E        22244           471.8500               0.2025                    0.0361       15750          166.8700              0.1008                   0.0504
           6x4        27193           475.3700               0.1669                    0.0358       19348          170.1700              0.0839                   0.0494
           6x2        34425           476.5700               0.1322                    0.0357       25057          171.9600              0.0654                   0.0489
          6x4E        27361           479.3200               0.1672                    0.0355       19474          170.4700              0.0834                   0.0494
           7x7        19318           480.6100               0.2373                    0.0354       13615          170.4100              0.1192                   0.0495
          7x7E        18001           484.1000               0.2567                    0.0351       12679          170.2600              0.1281                   0.0495
          57x3        32276           487.7500               0.1443                    0.0349       23193          175.2300              0.0722                   0.0480
         65x55        24207           488.9300               0.1928                    0.0348       17102          173.2200              0.0968                   0.0485
          7x6F        21885           492.0900               0.2148                    0.0346       15471          173.9000              0.1070                   0.0484
          8x10        14787           503.4500               0.3248                    0.0338       10401          177.7100              0.1624                   0.0476
         55x25        34672           506.6200               0.1395                    0.0336       25020          181.6700              0.0693                   0.0462
         65x60        24146           513.1800               0.2027                    0.0331       17045          181.2000              0.1015                   0.0464
          6x3F        29663           513.6000               0.1653                    0.0331       21151          181.5500              0.0819                   0.0463
          55x2        37180           514.8200               0.1322                    0.0330       27022          183.9300              0.0650                   0.0457
           6x5        26418           516.3900               0.1865                    0.0330       18690          182.8600              0.0934                   0.0460
           7x8        19287           538.4200               0.2662                    0.0316       13580          189.6700              0.1329                   0.0444
         65x65        24081           542.0800               0.2150                    0.0314       16987          190.5200              0.1072                   0.0441
         6x55E        26282           547.2400               0.1988                    0.0311       18582          192.3000              0.0988                   0.0438
        5x4E-3        26400           552.8900               0.1999                    0.0308       18681          195.3400              0.0996                   0.0431
           5x3        37984           563.7600               0.1418                    0.0302       27269          199.1700              0.0697                   0.0422
        55x45E        31479           568.8900               0.1724                    0.0299       22337          199.9600              0.0853                   0.0421
         65x70        24039           577.2100               0.2294                    0.0295       16946          202.5400              0.1140                   0.0415
          5x3E        39893           580.5400               0.1390                    0.0293       28664          201.0500              0.0670                   0.0418
        55x47E        31342           581.9700               0.1772                    0.0292       22219          203.8300              0.0876                   0.0413
      51x50E-3        26946           584.9300               0.2072                    0.0291       19040          205.7300              0.1033                   0.0408
           7x9        19264           600.5500               0.2974                    0.0284       13558          210.3600              0.1479                   0.0401
        5x41SF        35465           608.4600               0.1637                    0.0280       25112          209.4900              0.0797                   0.0401
        51x45E        29414           614.9200               0.1997                    0.0277       20775          215.3600              0.0989                   0.0391
         65x75        24008           616.6400               0.2453                    0.0276       16919          215.5400              0.1215                   0.0390
         5x43E        31108           623.5700               0.1914                    0.0273       22024          218.5200              0.0947                   0.0384
         5x45E        31175           631.5500               0.1934                    0.0269       22070          221.4300              0.0957                   0.0379
        51x50E        32116           644.2900               0.1916                    0.0264       22708          225.6900              0.0948                   0.0373
          46x3        43451           644.7300               0.1417                    0.0264       31221          218.0700              0.0667                   0.0385
      525x475E        33323           650.9000               0.1865                    0.0261       23508          225.8200              0.0917                   0.0372
          7x10        19292           662.0200               0.3274                    0.0257       13579          231.0100              0.1623                   0.0365
         475x4        39667           670.4100               0.1614                    0.0254       28189          229.2700              0.0777                   0.0367
       525x55E        33527           715.1400               0.2037                    0.0238       23671          246.2200              0.0992                   0.0342
        47x42E        40501           727.5100               0.1714                    0.0234       28596          248.2400              0.0829                   0.0339
          5x5E        37460           734.3700               0.1871                    0.0232       26481          247.8100              0.0894                   0.0339
         7x11E        18164           756.8600               0.3977                    0.0225       12779          263.6900              0.1965                   0.0320
       475x45E        40796           764.4300               0.1789                    0.0222       28789          259.8100              0.0861                   0.0324
        55x65E        30192           765.5600               0.2422                    0.0222       21268          264.5100              0.1188                   0.0318
         55x70        30754           778.2700               0.2417                    0.0219       21674          267.2500              0.1178                   0.0315
      475x475E        41030           811.4200               0.1889                    0.0210       28995          268.3300              0.0883                   0.0313
      525x625E        33147           813.2100               0.2342                    0.0209       23356          279.9700              0.1144                   0.0300
       475x55E        40891           916.0600               0.2139                    0.0186       28841          300.8900              0.0996                   0.0279
        525x8E        31622           976.3900               0.2948                    0.0174       22263          335.0900              0.1436                   0.0251
         5x75E        34587          1009.9700               0.2788                    0.0168       24352          344.1100              0.1349                   0.0244
         7x15E        18259          1047.4500               0.5473                    0.0163       12844          362.5700              0.2690                   0.0232
         5x11E        34984          1635.3700               0.4464                    0.0104       24610          552.9700              0.2145                   0.0152
        4x4E-3        41000             0.0000               0.0000                       NaN       41000            0.0000              0.0000                      NaN
        52x60E        33000             0.0000               0.0000                       NaN       33000            0.0000              0.0000                      NaN
       5x37E-3        40000             0.0000               0.0000                       NaN       40000            0.0000              0.0000                      NaN
        5x4E-4        37000             0.0000               0.0000                       NaN       37000            0.0000              0.0000                      NaN
          6x6E        32000             0.0000               0.0000                       NaN       32000            0.0000              0.0000                      NaN
          8x8E        24000             0.0000               0.0000                       NaN       24000            0.0000              0.0000                      NaN
          9x9E        22000             0.0000               0.0000                       NaN       22000            0.0000              0.0000                      NaN