# Interpolated propeller performance at 30 N (required) and 11 N (target)
# SI units: Thrust=N, Power=W, Torque=Nm; Cp, Ct, FOM dimensionless; 
# Sorted by Power at required thrust (ascending)
# ---------------------------------------------------------------------------

     Propeller  RPM@30N  Thrust@30N (N)  Power@30N (W)  Torque@30N (Nm)     Cp@30N     Ct@30N    FOM@30N  Eff@30N (N/W)  RPM@11N  Thrust@11N (N)  Power@11N (W)  Torque@11N (Nm)     Cp@11N     Ct@11N    FOM@11N  Eff@11N (N/W)
        27x13E     2197         30.5000       256.0560           1.0406     0.0255     0.0811     0.7237         0.1301     1269              11        64.2410           0.3894     0.0267     0.0806     0.6846         0.2292
        26x13E     2333         30.5000       268.5290           1.0161     0.0264     0.0830     0.7217         0.1263     1352              11        66.5300           0.3802     0.0277     0.0825     0.6829         0.2214
        26x15E     2241         30.5000       272.3450           1.0781     0.0306     0.0903     0.7100         0.1233     1295              11        68.0290           0.4025     0.0320     0.0899     0.6740         0.2166
       25x125E     2513         30.5000       277.3740           0.9807     0.0268     0.0838     0.7223         0.1219     1461              11        67.9840           0.3670     0.0281     0.0833     0.6836         0.2115
        24x12E     2755         30.5000       282.7010           0.9403     0.0266     0.0833     0.7229         0.1152     1607              11        68.5010           0.3521     0.0278     0.0827     0.6844         0.1991
       22x12WE     3009         30.5000       300.2610           0.9505     0.0355     0.1014     0.7251         0.1019     1762              11        71.6300           0.3545     0.0369     0.1007     0.6921         0.1795
        22x10E     3391         30.5000       307.0020           0.8309     0.0240     0.0781     0.7260         0.1050     2055              11        69.5240           0.3129     0.0249     0.0775     0.6925         0.1635
        22x12E     3207         30.5000       309.7150           0.8930     0.0289     0.0878     0.7171         0.1029     1932              11        69.4630           0.3351     0.0300     0.0873     0.6856         0.1666
          22x8     3744         30.5000       309.7200           0.7708     0.0184     0.0645     0.7113         0.1020     2237              11        74.1060           0.2957     0.0195     0.0638     0.6607         0.1622
         22x10     3480         30.5000       310.7090           0.8203     0.0226     0.0742     0.7160         0.1035     2101              11        72.1060           0.3136     0.0237     0.0735     0.6717         0.1607
      22x13EPN     3176         30.5000       310.7770           0.9075     0.0301     0.0897     0.7128         0.1021     1905              11        70.5290           0.3404     0.0312     0.0891     0.6813         0.1663
     215x10WPN     3380         30.5000       310.8490           0.8440     0.0274     0.0860     0.7330         0.1036     2049              11        70.4360           0.3214     0.0286     0.0851     0.6917         0.1609
     215x105PN     3377         30.5000       311.4420           0.8468     0.0276     0.0861     0.7309         0.1034     2048              11        70.9760           0.3222     0.0288     0.0853     0.6906         0.1594
       21x10PN     3479         30.5000       317.7490           0.8395     0.0291     0.0894     0.7340         0.1014     2099              11        72.9960           0.3188     0.0304     0.0887     0.6934         0.1589
      21x105PN     3509         30.5000       319.1300           0.8366     0.0285     0.0880     0.7297         0.1008     2115              11        73.9580           0.3178     0.0299     0.0872     0.6889         0.1575
        21x10W     3435         30.5000       320.3610           0.8560     0.0304     0.0917     0.7287         0.1006     2077              11        73.4710           0.3245     0.0317     0.0909     0.6905         0.1563
     215x13EPN     3263         30.5000       322.8430           0.9116     0.0320     0.0929     0.7057         0.0993     1979              11        71.7320           0.3420     0.0331     0.0922     0.6770         0.1558
       21x12WE     3347         30.5000       324.9740           0.8918     0.0334     0.0967     0.7192         0.0992     2031              11        72.5610           0.3341     0.0344     0.0960     0.6907         0.1546
      205x10PN     3659         30.5000       325.0400           0.8230     0.0292     0.0895     0.7308         0.0980     2191              11        76.5900           0.3120     0.0306     0.0886     0.6895         0.1556
     205x105PN     3596         30.5000       325.9230           0.8370     0.0307     0.0924     0.7305         0.0983     2159              11        75.9260           0.3172     0.0321     0.0916     0.6902         0.1559
    205x105WPN     3488         30.5000       326.0750           0.8583     0.0334     0.0980     0.7333         0.0988     2104              11        74.6100           0.3248     0.0348     0.0972     0.6953         0.1559
       21x13WE     3278         30.5000       328.9470           0.9229     0.0361     0.1010     0.7099         0.0976     1991              11        72.5330           0.3454     0.0371     0.1004     0.6826         0.1526
         20x8W     4045         30.5000       329.4970           0.7730     0.0257     0.0819     0.7287         0.0932     2396              11        79.7140           0.2934     0.0270     0.0810     0.6816         0.1523
        20x10E     4008         30.5000       329.8550           0.7858     0.0267     0.0837     0.7241         0.0926     2369              11        79.0070           0.2945     0.0277     0.0829     0.6890         0.1542
       20x10PN     3821         30.5000       330.0500           0.8107     0.0300     0.0912     0.7312         0.0949     2273              11        78.4090           0.3069     0.0314     0.0903     0.6893         0.1546
      20x105PN     3851         30.5000       332.3310           0.8119     0.0296     0.0898     0.7257         0.0939     2288              11        79.4410           0.3075     0.0310     0.0890     0.6828         0.1522
      205x12WE     3365         30.5000       332.3380           0.9056     0.0379     0.1054     0.7211         0.0970     2039              11        73.9660           0.3385     0.0389     0.1046     0.6949         0.1525
         20x8E     4295         30.5000       332.4280           0.7228     0.0211     0.0720     0.7294         0.0946     2561              11        77.8070           0.2723     0.0220     0.0712     0.6904         0.1555
        20x10W     3720         30.5000       333.2250           0.8340     0.0325     0.0957     0.7284         0.0952     2222              11        78.3390           0.3152     0.0338     0.0948     0.6883         0.1535
        21x13E     3396         30.5000       333.3290           0.9001     0.0327     0.0939     0.7019         0.0968     2055              11        74.7290           0.3373     0.0338     0.0933     0.6733         0.1523
        20x11E     3881         30.5000       335.6920           0.8167     0.0294     0.0886     0.7170         0.0926     2303              11        79.4690           0.3058     0.0304     0.0879     0.6839         0.1535
     21x135EPN     3352         30.5000       335.8080           0.9197     0.0344     0.0964     0.6959         0.0960     2032              11        74.4940           0.3444     0.0354     0.0958     0.6687         0.1509
         20x10     4121         30.5000       337.6620           0.7718     0.0247     0.0787     0.7140         0.0919     2445              11        81.1360           0.2936     0.0260     0.0779     0.6679         0.1494
          20x8     4387         30.5000       338.9100           0.7205     0.0202     0.0689     0.7154         0.0930     2625              11        80.1480           0.2755     0.0213     0.0680     0.6656         0.1491
       20x12WE     3643         30.5000       341.7520           0.8687     0.0351     0.0995     0.7127         0.0936     2181              11        78.9930           0.3247     0.0362     0.0988     0.6842         0.1512
         20x12     3976         30.5000       342.0840           0.8191     0.0282     0.0849     0.7005         0.0895     2350              11        82.4900           0.3107     0.0297     0.0843     0.6569         0.1477
    205x135EPN     3502         30.5000       345.7380           0.9081     0.0350     0.0973     0.6910         0.0933     2108              11        78.8990           0.3398     0.0362     0.0967     0.6635         0.1476
         19x8E     4646         30.5000       347.5010           0.7007     0.0227     0.0756     0.7327         0.0903     2792              11        79.8800           0.2637     0.0234     0.0747     0.6964         0.1451
     205x14EPN     3528         30.5000       349.9260           0.9126     0.0347     0.0959     0.6824         0.0920     2121              11        79.9300           0.3416     0.0359     0.0954     0.6548         0.1466
       205x14E     3525         30.5000       350.2940           0.9145     0.0348     0.0961     0.6814         0.0919     2120              11        79.7890           0.3421     0.0360     0.0954     0.6546         0.1469
         19x8W     4392         30.5000       350.3280           0.7441     0.0269     0.0845     0.7287         0.0900     2626              11        82.3460           0.2822     0.0281     0.0834     0.6841         0.1454
        20x13E     3706         30.5000       350.3870           0.8791     0.0345     0.0964     0.6936         0.0907     2212              11        81.7310           0.3287     0.0356     0.0958     0.6649         0.1470
         19x11     4091         30.5000       351.3300           0.8116     0.0340     0.0981     0.7213         0.0880     2424              11        84.0060           0.3063     0.0356     0.0973     0.6810         0.1448
        19x10E     4313         30.5000       353.2230           0.7642     0.0286     0.0877     0.7238         0.0891     2570              11        82.1010           0.2860     0.0296     0.0869     0.6899         0.1474
       19x12WE     3989         30.5000       354.9450           0.8489     0.0376     0.1037     0.7088         0.0861     2356              11        84.1710           0.3165     0.0388     0.1029     0.6795         0.1458
         20x14     3880         30.5000       357.8440           0.8706     0.0314     0.0887     0.6718         0.0869     2299              11        85.5390           0.3295     0.0330     0.0882     0.6343         0.1416
       18x55MR     5259         30.5000       358.5760           0.6423     0.0213     0.0736     0.7471         0.0867     3167              11        82.1000           0.2412     0.0219     0.0727     0.7124         0.1391
        19x12E     4124         30.5000       362.2990           0.8276     0.0341     0.0964     0.7012         0.0857     2444              11        85.1790           0.3091     0.0352     0.0957     0.6706         0.1434
         18x8E     5091         30.5000       364.0780           0.6783     0.0241     0.0788     0.7330         0.0845     3070              11        83.1530           0.2549     0.0249     0.0778     0.6984         0.1348
20x15(WCAR-T6)     3555         30.5000       365.0870           0.9459     0.0401     0.1043     0.6703         0.0880     2134              11        83.6780           0.3559     0.0417     0.1038     0.6395         0.1407
         18x8W     4816         30.5000       366.2570           0.7181     0.0285     0.0878     0.7299         0.0847     2905              11        84.3590           0.2722     0.0295     0.0867     0.6885         0.1337
        181x10     4394         30.5000       366.3390           0.7779     0.0358     0.1025     0.7315         0.0861     2623              11        85.5380           0.2932     0.0373     0.1015     0.6932         0.1399
        20x15C     3821         30.5000       367.0440           0.9015     0.0333     0.0911     0.6580         0.0854     2268              11        87.0290           0.3406     0.0350     0.0907     0.6228         0.1389
        20x15E     3603         30.5000       367.6650           0.9419     0.0389     0.1016     0.6648         0.0872     2158              11        84.3450           0.3517     0.0401     0.1012     0.6393         0.1408
          18x8     5261         30.5000       373.3510           0.6681     0.0221     0.0735     0.7179         0.0832     3171              11        87.4060           0.2549     0.0232     0.0725     0.6718         0.1303
        18x10E     4734         30.5000       373.7170           0.7413     0.0303     0.0906     0.7186         0.0836     2847              11        84.6410           0.2776     0.0312     0.0897     0.6877         0.1356
         18x6W     5374         30.5000       373.8730           0.6538     0.0207     0.0704     0.7174         0.0833     3239              11        87.8110           0.2503     0.0217     0.0692     0.6679         0.1307
         18x10     4982         30.5000       374.7130           0.7168     0.0266     0.0825     0.7097         0.0816     3007              11        85.8090           0.2728     0.0279     0.0817     0.6692         0.1285
        181x12     4260         30.5000       377.0370           0.8274     0.0406     0.1093     0.7104         0.0833     2532              11        88.3080           0.3112     0.0423     0.1084     0.6745         0.1372
  20x18(F1-GT)     3487         30.5000       379.7150           1.0003     0.0440     0.1083     0.6464         0.0850     2099              11        85.8570           0.3729     0.0454     0.1078     0.6230         0.1353
       18x12WE     4363         30.5000       386.0100           0.8255     0.0396     0.1063     0.6986         0.0817     2599              11        89.4400           0.3076     0.0408     0.1056     0.6708         0.1346
         17x7E     5873         30.5000       386.3230           0.6246     0.0225     0.0753     0.7325         0.0796     3522              11        89.5640           0.2347     0.0232     0.0742     0.6955         0.1295
          17x8     5281         30.5000       386.4430           0.6888     0.0306     0.0927     0.7367         0.0805     3181              11        89.5010           0.2606     0.0318     0.0915     0.6964         0.1276
          17x6     5869         30.5000       387.1380           0.6265     0.0226     0.0754     0.7308         0.0795     3525              11        91.6000           0.2391     0.0236     0.0741     0.6812         0.1262
         17x6E     6220         30.5000       389.7120           0.5928     0.0190     0.0670     0.7276         0.0792     3751              11        90.2610           0.2239     0.0197     0.0659     0.6880         0.1261
       17x10WE     4883         30.5000       390.4030           0.7574     0.0394     0.1088     0.7257         0.0791     2943              11        88.1090           0.2823     0.0405     0.1079     0.6986         0.1269
         17x8E     5593         30.5000       390.4230           0.6564     0.0259     0.0827     0.7295         0.0798     3359              11        90.0940           0.2460     0.0267     0.0815     0.6962         0.1287
        18x12E     4526         30.5000       390.7480           0.8054     0.0359     0.0988     0.6903         0.0807     2707              11        89.6340           0.3007     0.0370     0.0981     0.6620         0.1323
         17x10     4935         30.5000       390.7490           0.7525     0.0384     0.1068     0.7241         0.0786     2979              11        88.9220           0.2837     0.0397     0.1057     0.6893         0.1245
         18x12     4821         30.5000       391.3600           0.7670     0.0303     0.0876     0.6825         0.0792     2899              11        90.1740           0.2910     0.0317     0.0870     0.6455         0.1256
         17x8N     5568         30.5000       391.9920           0.6627     0.0261     0.0824     0.7239         0.0795     3348              11        91.9200           0.2516     0.0271     0.0812     0.6800         0.1258
       16x55MR     6336         30.5000       398.8850           0.5948     0.0245     0.0813     0.7540         0.0777     3824              11        90.5830           0.2222     0.0251     0.0801     0.7225         0.1247
        17x10E     5242         30.5000       400.3480           0.7195     0.0324     0.0941     0.7112         0.0776     3154              11        91.4020           0.2689     0.0333     0.0933     0.6816         0.1245
        17x10N     5241         30.5000       401.1080           0.7210     0.0321     0.0931     0.7077         0.0774     3154              11        92.3110           0.2727     0.0334     0.0922     0.6695         0.1233
         17x4W     6349         30.5000       405.6720           0.6032     0.0186     0.0642     0.6996         0.0763     3847              11        95.4870           0.2333     0.0195     0.0629     0.6449         0.1175
          16x7     6117         30.5000       407.1450           0.6318     0.0280     0.0875     0.7364         0.0755     3678              11        94.6690           0.2393     0.0291     0.0861     0.6933         0.1208
        17x12W     4585         30.5000       407.2070           0.8303     0.0487     0.1225     0.7020         0.0773     2745              11        93.3890           0.3113     0.0505     0.1216     0.6709         0.1256
         16x6E     6805         30.5000       407.6850           0.5685     0.0203     0.0706     0.7357         0.0755     4118              11        93.4030           0.2143     0.0209     0.0693     0.6971         0.1197
     16x7E(3D)     6399         30.5000       408.4750           0.6028     0.0244     0.0796     0.7370         0.0759     3870              11        93.2010           0.2264     0.0250     0.0785     0.7013         0.1205
          16x8     5806         30.5000       409.0700           0.6674     0.0328     0.0970     0.7337         0.0755     3482              11        95.2010           0.2518     0.0340     0.0956     0.6946         0.1219
          16x6     6440         30.5000       410.2940           0.6015     0.0240     0.0786     0.7333         0.0755     3904              11        94.5570           0.2291     0.0249     0.0773     0.6872         0.1179
         16x8E     6158         30.5000       411.4420           0.6332     0.0277     0.0862     0.7294         0.0749     3701              11        94.1840           0.2370     0.0284     0.0851     0.6970         0.1214
        17x12E     5069         30.5000       418.1300           0.7840     0.0380     0.1011     0.6765         0.0735     3051              11        94.7650           0.2926     0.0390     0.1004     0.6508         0.1177
         18x14     4752         30.5000       418.3560           0.8282     0.0336     0.0900     0.6410         0.0745     2849              11        95.5220           0.3127     0.0352     0.0896     0.6093         0.1201
         17x13     4661         30.5000       419.9280           0.8443     0.0480     0.1187     0.6793         0.0747     2793              11        95.8010           0.3167     0.0498     0.1180     0.6494         0.1214
       15x55MR     6977         30.5000       420.0000           0.5741     0.0271     0.0873     0.7598         0.0727     4204              11        95.7150           0.2134     0.0275     0.0860     0.7307         0.1178
  205x205E(CD)     3250         30.5000       420.2630           1.1908     0.0510     0.1090     0.5640         0.0762     1962              11        92.3250           0.4423     0.0523     0.1087     0.5468         0.1225
         16x10     5458         30.5000       421.7670           0.7260     0.0403     0.1093     0.7160         0.0740     3278              11        97.4870           0.2731     0.0416     0.1081     0.6818         0.1183
         16x4W     6997         30.5000       422.2890           0.5767     0.0196     0.0671     0.7069         0.0722     4227              11       100.4140           0.2221     0.0206     0.0656     0.6527         0.1121
         16x4E     7979         30.5000       424.3260           0.5076     0.0133     0.0516     0.7047         0.0719     4837              11        99.7160           0.1947     0.0138     0.0503     0.6532         0.1120
        16x10E     5796         30.5000       426.9450           0.6972     0.0343     0.0972     0.7040         0.0724     3470              11        98.2750           0.2602     0.0353     0.0962     0.6745         0.1183
          15x6     7100         30.5000       433.5120           0.5810     0.0264     0.0842     0.7361         0.0707     4285              11       101.3400           0.2203     0.0273     0.0825     0.6927         0.1116
         15x6E     7527         30.5000       434.1550           0.5463     0.0221     0.0746     0.7378         0.0711     4546              11        99.7510           0.2052     0.0226     0.0733     0.7003         0.1138
          15x7     6729         30.5000       434.4150           0.6116     0.0309     0.0934     0.7370         0.0711     4075              11        99.6150           0.2311     0.0319     0.0918     0.6974         0.1116
         15x7E     7145         30.5000       435.3110           0.5788     0.0260     0.0830     0.7342         0.0705     4306              11       100.1860           0.2168     0.0266     0.0817     0.7006         0.1131
      155x12-4     4479         30.5000       436.6400           0.9098     0.0840     0.1777     0.7104         0.0721     2675              11       100.7010           0.3423     0.0888     0.1786     0.6787         0.1179
          15x8     6450         30.5000       439.7600           0.6437     0.0354     0.1015     0.7295         0.0705     3901              11       100.0080           0.2425     0.0364     0.1001     0.6936         0.1116
         15x8E     6859         30.5000       441.1050           0.6111     0.0298     0.0901     0.7247         0.0696     4139              11       100.2120           0.2285     0.0304     0.0889     0.6939         0.1119
         16x12     5272         30.5000       441.9180           0.7888     0.0469     0.1172     0.6825         0.0704     3167              11       100.9430           0.2960     0.0485     0.1164     0.6530         0.1130
         15x4E     8811         30.5000       447.7130           0.4836     0.0143     0.0546     0.7129         0.0685     5346              11       104.6310           0.1846     0.0147     0.0532     0.6642         0.1073
         15x4W     7821         30.5000       448.5620           0.5452     0.0204     0.0693     0.7125         0.0684     4738              11       105.2280           0.2095     0.0213     0.0677     0.6595         0.1067
       14x47SF     7219         30.5000       451.6640           0.5933     0.0368     0.1071     0.7597         0.0682     4348              11       100.9950           0.2161     0.0367     0.1055     0.7467         0.1126
         15x10     6151         30.5000       451.8710           0.6966     0.0422     0.1119     0.7082         0.0681     3691              11       103.8810           0.2616     0.0436     0.1108     0.6752         0.1103
       14x55MR     7851         30.5000       452.3240           0.5481     0.0288     0.0906     0.7560         0.0678     4738              11       102.4380           0.2037     0.0292     0.0892     0.7273         0.1098
         16x13     5226         30.5000       453.7190           0.8182     0.0495     0.1194     0.6648         0.0684     3139              11       103.2600           0.3066     0.0512     0.1187     0.6372         0.1101
        16x12E     5608         30.5000       455.1720           0.7643     0.0402     0.1036     0.6623         0.0684     3358              11       104.2490           0.2847     0.0413     0.1028     0.6374         0.1113
         15x11     6057         30.5000       462.3720           0.7268     0.0455     0.1156     0.6904         0.0662     3623              11       106.7830           0.2725     0.0470     0.1147     0.6595         0.1078
          14x6     7900         30.5000       463.0400           0.5583     0.0290     0.0896     0.7380         0.0661     4777              11       107.2400           0.2111     0.0299     0.0878     0.6963         0.1046
        15x10E     6488         30.5000       464.6790           0.6760     0.0367     0.1003     0.6914         0.0667     3918              11       104.4990           0.2521     0.0376     0.0994     0.6646         0.1067
         14x6E     8396         30.5000       465.1650           0.5254     0.0241     0.0791     0.7372         0.0662     5093              11       105.7120           0.1968     0.0246     0.0776     0.7023         0.1050
         14x7E     8001         30.5000       467.0920           0.5579     0.0283     0.0875     0.7300         0.0653     4831              11       106.8950           0.2084     0.0288     0.0860     0.6985         0.1046
         16x14     5186         30.5000       467.4240           0.8512     0.0523     0.1214     0.6441         0.0663     3114              11       106.3690           0.3184     0.0542     0.1208     0.6187         0.1063
          14x7     7506         30.5000       467.8580           0.5901     0.0338     0.0989     0.7336         0.0660     4529              11       107.4410           0.2222     0.0348     0.0973     0.6955         0.1056
  20x225EP(CD)     3318         30.5000       475.2410           1.3149     0.0639     0.1198     0.5169         0.0678     2011              11       103.3180           0.4863     0.0654     0.1195     0.5041         0.1073
         15x12     5987         30.5000       475.4250           0.7582     0.0486     0.1185     0.6699         0.0642     3574              11       110.1880           0.2839     0.0503     0.1177     0.6409         0.1050
          14x8     7201         30.5000       475.4620           0.6268     0.0391     0.1076     0.7206         0.0647     4337              11       109.4180           0.2353     0.0402     0.1061     0.6857         0.1037
         14x4W     8732         30.5000       475.8640           0.5182     0.0220     0.0732     0.7191         0.0645     5300              11       111.6930           0.1982     0.0227     0.0713     0.6680         0.1003
         14x5N     9443         30.5000       476.3200           0.4791     0.0174     0.0626     0.7189         0.0645     5752              11       111.9400           0.1835     0.0179     0.0607     0.6658         0.0996
      15x135-3     5206         30.5000       477.9590           0.8658     0.0730     0.1559     0.6726         0.0649     3126              11       109.3080           0.3255     0.0759     0.1551     0.6424         0.1036
       13x47SF     8154         30.5000       485.2180           0.5661     0.0407     0.1148     0.7625         0.0632     4934              11       106.8450           0.2057     0.0404     0.1131     0.7516         0.1037
   13x55MRF-RH     8822         30.5000       486.3990           0.5248     0.0316     0.0966     0.7569         0.0630     5331              11       110.4520           0.1947     0.0320     0.0948     0.7286         0.1017
        14x85E     7649         30.5000       488.0410           0.6045     0.0334     0.0953     0.7029         0.0632     4607              11       110.6860           0.2252     0.0341     0.0941     0.6749         0.1024
       13x55MR     8910         30.5000       489.7670           0.5238     0.0316     0.0963     0.7545         0.0625     5380              11       111.0200           0.1942     0.0319     0.0945     0.7272         0.1013
       13x45MR     9599         30.5000       490.2570           0.4852     0.0252     0.0828     0.7556         0.0627     5824              11       111.2490           0.1807     0.0255     0.0810     0.7237         0.1000
         14x10     6922         30.5000       496.1290           0.6827     0.0461     0.1168     0.6894         0.0617     4164              11       113.3750           0.2558     0.0476     0.1156     0.6593         0.0991
        13x55E     9432         30.5000       497.3450           0.5009     0.0269     0.0858     0.7446         0.0618     5716              11       113.2450           0.1871     0.0273     0.0839     0.7110         0.0987
  13x45EP(F2B)    10352         30.5000       500.2300           0.4592     0.0205     0.0712     0.7405         0.0613     6292              11       114.7750           0.1726     0.0208     0.0693     0.6998         0.0971
       13x45EP    10352         30.5000       500.2300           0.4592     0.0205     0.0712     0.7405         0.0613     6292              11       114.7750           0.1726     0.0208     0.0693     0.6998         0.0971
        14x10F     7005         30.5000       501.7120           0.6840     0.0477     0.1191     0.6880         0.0608     4207              11       113.8270           0.2538     0.0487     0.1181     0.6643         0.0991
         16x16     5164         30.5000       501.7210           0.9178     0.0570     0.1224     0.5998         0.0617     3100              11       113.1900           0.3422     0.0588     0.1220     0.5784         0.0997
   13x65E(F2B)     9101         30.5000       503.0460           0.5264     0.0304     0.0923     0.7346         0.0608     5497              11       114.6330           0.1962     0.0309     0.0906     0.7040         0.0980
        13x65E     9116         30.5000       503.4340           0.5262     0.0303     0.0920     0.7346         0.0608     5506              11       114.8280           0.1961     0.0307     0.0902     0.7031         0.0980
         13x4E    10862         30.5000       504.7490           0.4431     0.0180     0.0647     0.7319         0.0606     6607              11       117.1400           0.1673     0.0183     0.0629     0.6875         0.0952
          13x6     9332         30.5000       504.7990           0.5141     0.0281     0.0873     0.7327         0.0609     5658              11       116.5880           0.1942     0.0288     0.0853     0.6905         0.0961
          13x7     8930         30.5000       506.8030           0.5413     0.0319     0.0944     0.7254         0.0603     5394              11       116.9840           0.2041     0.0327     0.0926     0.6869         0.0960
         13x7F     8610         30.5000       506.8460           0.5587     0.0353     0.1013     0.7287         0.0607     5206              11       114.5200           0.2077     0.0358     0.0996     0.7003         0.0976
         13x4W     9833         30.5000       507.5950           0.4916     0.0239     0.0778     0.7253         0.0603     5995              11       117.5610           0.1873     0.0245     0.0756     0.6779         0.0936
        14x10E     7351         30.5000       509.5620           0.6563     0.0393     0.1032     0.6741         0.0606     4418              11       115.6160           0.2441     0.0401     0.1022     0.6490         0.0983
         14x11     6820         30.5000       513.3290           0.7143     0.0496     0.1200     0.6677         0.0599     4107              11       116.3750           0.2672     0.0511     0.1190     0.6404         0.0960
         135x9     8122         30.5000       514.2900           0.6027     0.0355     0.0981     0.6898         0.0596     4905              11       117.4420           0.2268     0.0366     0.0968     0.6563         0.0946
          13x4    10732         30.5000       514.8000           0.4567     0.0193     0.0673     0.7213         0.0595     6545              11       120.8950           0.1744     0.0198     0.0650     0.6683         0.0923
          13x8     8679         30.5000       519.5660           0.5689     0.0361     0.1012     0.7127         0.0592     5241              11       118.6930           0.2140     0.0371     0.0997     0.6774         0.0943
         125x6     9374         30.5000       521.0170           0.5278     0.0342     0.1000     0.7366         0.0590     5680              11       119.5760           0.1983     0.0350     0.0978     0.6982         0.0937
       12x47SF     9232         30.5000       521.1840           0.5369     0.0441     0.1215     0.7665         0.0589     5576              11       115.2350           0.1945     0.0435     0.1193     0.7563         0.0976
       12x58SF     9791         30.5000       522.0620           0.5078     0.0371     0.1080     0.7646         0.0587     5934              11       114.5350           0.1834     0.0365     0.1061     0.7558         0.0966
         13x8E     8614         30.5000       522.1520           0.5755     0.0370     0.1028     0.7097         0.0589     5203              11       117.8830           0.2141     0.0377     0.1014     0.6830         0.0949
        135x10     7624         30.5000       522.3500           0.6491     0.0433     0.1109     0.6814         0.0591     4585              11       119.4640           0.2434     0.0446     0.1098     0.6508         0.0950
       12x45MR    10560         30.5000       526.1170           0.4738     0.0298     0.0928     0.7588         0.0583     6401              11       119.3760           0.1757     0.0299     0.0908     0.7296         0.0936
       12x38SF    10016         30.5000       527.0610           0.5027     0.0351     0.1034     0.7550         0.0579     6072              11       116.6040           0.1829     0.0347     0.1012     0.7413         0.0948
          13x9     7953         30.5000       527.9060           0.6331     0.0479     0.1209     0.6997         0.0579     4789              11       119.9730           0.2366     0.0491     0.1194     0.6698         0.0935
   12x45MRF-RH    10673         30.5000       528.3460           0.4711     0.0290     0.0909     0.7554         0.0581     6472              11       119.6550           0.1748     0.0291     0.0888     0.7252         0.0935
       12x7E-3     8438         30.5000       528.5090           0.5943     0.0583     0.1452     0.7566         0.0583     5103              11       119.2170           0.2211     0.0593     0.1432     0.7281         0.0932
        12x6SF     8451         30.5000       528.6450           0.5932     0.0580     0.1447     0.7574         0.0583     5110              11       115.8750           0.2144     0.0574     0.1428     0.7503         0.0960
       12x55MR     9809         30.5000       529.5180           0.5137     0.0374     0.1077     0.7540         0.0579     5944              11       118.7290           0.1898     0.0376     0.1057     0.7294         0.0930
         14x12     6764         30.5000       531.2370           0.7447     0.0526     0.1219     0.6456         0.0580     4074              11       119.5710           0.2782     0.0541     0.1211     0.6209         0.0931
        14x12N     6993         30.5000       538.5600           0.7358     0.0488     0.1145     0.6330         0.0567     4195              11       123.1710           0.2750     0.0503     0.1137     0.6083         0.0915
   12x6EP(F2B)    10441         30.5000       542.5590           0.4938     0.0316     0.0950     0.7362         0.0566     6327              11       123.1860           0.1837     0.0320     0.0929     0.7063         0.0906
         12x6E    10448         30.5000       542.7940           0.4939     0.0316     0.0948     0.7362         0.0566     6332              11       123.1850           0.1837     0.0320     0.0928     0.7053         0.0906
          12x6    10031         30.5000       543.9120           0.5174     0.0360     0.1031     0.7322         0.0561     6086              11       124.3480           0.1940     0.0367     0.1008     0.6960         0.0889
          12x5    11245         30.5000       544.9530           0.4613     0.0255     0.0819     0.7327         0.0562     6855              11       125.8310           0.1743     0.0260     0.0794     0.6878         0.0880
         13x10     7810         30.5000       545.5440           0.6641     0.0520     0.1251     0.6789         0.0563     4697              11       124.1800           0.2479     0.0534     0.1239     0.6508         0.0909
          12x4    12119         30.5000       549.4990           0.4327     0.0206     0.0706     0.7250         0.0556     7405              11       128.6520           0.1644     0.0210     0.0680     0.6741         0.0864
        13x10F     7965         30.5000       549.8980           0.6589     0.0488     0.1187     0.6688         0.0555     4789              11       123.9470           0.2442     0.0498     0.1176     0.6475         0.0905
          12x7     9620         30.5000       553.2220           0.5467     0.0413     0.1118     0.7217         0.0555     5827              11       126.0530           0.2045     0.0421     0.1097     0.6887         0.0882
         14x13     6673         30.5000       553.7000           0.7849     0.0569     0.1251     0.6204         0.0559     4025              11       123.6340           0.2927     0.0585     0.1245     0.5992         0.0893
        12x8SF     7789         30.5000       554.6470           0.6763     0.0779     0.1706     0.7208         0.0554     4681              11       122.0740           0.2447     0.0775     0.1691     0.7150         0.0928
        14x12E     7199         30.5000       556.6000           0.7339     0.0458     0.1077     0.6158         0.0553     4319              11       125.7150           0.2721     0.0468     0.1071     0.5962         0.0903
        13x10E     8283         30.5000       562.7360           0.6450     0.0449     0.1112     0.6589         0.0547     5004              11       125.6750           0.2392     0.0458     0.1102     0.6370         0.0876
       11x46SF    12000         30.5000       562.9650           0.4480     0.0337     0.1021     0.7720         0.0542     7285              11       124.1830           0.1615     0.0328     0.0994     0.7626         0.0896
         115x4    12080         30.5000       564.0670           0.4458     0.0265     0.0843     0.7366         0.0542     7362              11       131.0170           0.1684     0.0269     0.0815     0.6907         0.0849
        14x13N     6950         30.5000       564.3120           0.7739     0.0519     0.1159     0.6057         0.0542     4169              11       128.4080           0.2886     0.0535     0.1152     0.5839         0.0875
        14x135     6657         30.5000       565.6910           0.8037     0.0585     0.1257     0.6073         0.0547     4016              11       126.3480           0.2993     0.0602     0.1251     0.5872         0.0873
         13x11     7681         30.5000       566.9930           0.6997     0.0556     0.1272     0.6514         0.0544     4613              11       128.6520           0.2609     0.0571     0.1263     0.6270         0.0881
         115x6    10764         30.5000       567.0030           0.5013     0.0375     0.1060     0.7346         0.0540     6525              11       129.7050           0.1877     0.0380     0.1036     0.6988         0.0861
       11x47SF    10664         30.5000       568.2780           0.5068     0.0482     0.1290     0.7667         0.0540     6453              11       125.5540           0.1832     0.0474     0.1265     0.7579         0.0891
          12x8     9313         30.5000       568.6250           0.5799     0.0468     0.1193     0.7029         0.0540     5621              11       129.5620           0.2166     0.0478     0.1176     0.6731         0.0866
       11x38SF    11484         30.5000       572.1160           0.4737     0.0389     0.1112     0.7620         0.0536     6983              11       125.9860           0.1717     0.0381     0.1086     0.7489         0.0874
         12x8E     9706         30.5000       572.2870           0.5610     0.0417     0.1099     0.6978         0.0536     5866              11       128.8800           0.2081     0.0423     0.1084     0.6735         0.0861
        125x10     8367         30.5000       573.2210           0.6501     0.0530     0.1255     0.6698         0.0537     5052              11       129.0810           0.2426     0.0543     0.1243     0.6445         0.0857
       11x45MR    12120         30.5000       573.2840           0.4508     0.0332     0.1000     0.7585         0.0533     7355              11       129.4150           0.1666     0.0332     0.0975     0.7318         0.0860
       11x7E-3    10009         30.5000       575.0770           0.5487     0.0593     0.1467     0.7550         0.0530     6055              11       130.0110           0.2039     0.0602     0.1443     0.7275         0.0849
         12x9W     8575         30.5000       578.8580           0.6406     0.0609     0.1406     0.6909         0.0532     5175              11       130.6500           0.2384     0.0621     0.1390     0.6657         0.0854
         14x14     6642         30.5000       579.1940           0.8244     0.0603     0.1262     0.5932         0.0534     4007              11       129.0990           0.3067     0.0619     0.1257     0.5741         0.0853
       11x45EP    13022         30.5000       581.2130           0.4265     0.0272     0.0866     0.7471         0.0525     7936              11       132.1590           0.1588     0.0273     0.0841     0.7134         0.0834
       11x55MR    11313         30.5000       582.0810           0.4899     0.0414     0.1146     0.7479         0.0527     6857              11       130.0850           0.1806     0.0415     0.1124     0.7239         0.0852
        12x85F     9495         30.5000       583.2830           0.5835     0.0452     0.1148     0.6850         0.0527     5728              11       131.0450           0.2161     0.0459     0.1133     0.6626         0.0853
          12x9     9149         30.5000       583.8010           0.6072     0.0508     0.1238     0.6837         0.0525     5508              11       132.5170           0.2265     0.0520     0.1224     0.6561         0.0848
        11x6-4     9680         30.5000       585.4000           0.5752     0.0664     0.1564     0.7441         0.0524     5863              11       134.4470           0.2178     0.0685     0.1536     0.7017         0.0825
        11x55E    12152         30.5000       588.3560           0.4615     0.0338     0.0994     0.7396         0.0520     7374              11       133.2560           0.1712     0.0339     0.0970     0.7100         0.0836
          11x5    12216         30.5000       589.7350           0.4601     0.0333     0.0984     0.7381         0.0519     7432              11       135.0600           0.1723     0.0337     0.0955     0.6987         0.0824
          11x4    13010         30.5000       589.8740           0.4332     0.0277     0.0868     0.7361         0.0517     7951              11       135.7700           0.1631     0.0279     0.0838     0.6924         0.0812
        14x14N     6922         30.5000       592.5600           0.8149     0.0551     0.1167     0.5776         0.0517     4153              11       133.7570           0.3032     0.0567     0.1162     0.5584         0.0840
          11x6    11578         30.5000       596.6420           0.4904     0.0396     0.1094     0.7299         0.0514     7042              11       135.4230           0.1833     0.0400     0.1068     0.6964         0.0814
        11x7SF     9362         30.5000       597.7530           0.6063     0.0747     0.1672     0.7300         0.0514     5641              11       131.0790           0.2190     0.0740     0.1654     0.7243         0.0857
        12x10W     8501         30.5000       600.8770           0.6706     0.0649     0.1431     0.6660         0.0513     5128              11       135.0520           0.2492     0.0662     0.1417     0.6431         0.0824
       135x135     7287         30.5000       602.7930           0.7839     0.0572     0.1215     0.5909         0.0512     4368              11       136.7770           0.2913     0.0588     0.1210     0.5707         0.0831
         12x10     9057         30.5000       604.5460           0.6367     0.0544     0.1264     0.6592         0.0505     5443              11       137.1110           0.2372     0.0558     0.1252     0.6344         0.0820
          11x3    14508         30.5000       605.0440           0.3973     0.0204     0.0697     0.7191         0.0506     8924              11       141.4820           0.1512     0.0205     0.0665     0.6650         0.0779
          11x9    11000         30.5000       605.5950           0.5257     0.0396     0.1027     0.6925         0.0515     6843              11       127.2460           0.1782     0.0281     0.0807     0.6728         0.0864
          11x7    11136         30.5000       610.1880           0.5226     0.0456     0.1184     0.7125         0.0501     6739              11       138.4450           0.1949     0.0463     0.1162     0.6821         0.0803
         11x7E    11371         30.5000       611.9960           0.5122     0.0428     0.1134     0.7115         0.0501     6888              11       137.3410           0.1896     0.0432     0.1115     0.6870         0.0806
        105x45    14896         30.5000       619.7500           0.3972     0.0245     0.0797     0.7344         0.0493     9129              11       143.5750           0.1497     0.0246     0.0765     0.6883         0.0769
        14x14E     7145         30.5000       623.8520           0.8293     0.0526     0.1094     0.5493         0.0492     4281              11       140.2610           0.3059     0.0536     0.1090     0.5353         0.0809
        135x14     7367         30.5000       624.0660           0.8021     0.0573     0.1189     0.5707         0.0495     4415              11       141.1980           0.2977     0.0588     0.1183     0.5527         0.0805
        11x9-4     8643         30.5000       624.4190           0.6860     0.0992     0.1961     0.6985         0.0493     5211              11       142.2000           0.2576     0.1023     0.1940     0.6667         0.0786
       10x46SF    14060         30.5000       625.6330           0.4245     0.0374     0.1088     0.7650         0.0488     8546              11       137.1770           0.1525     0.0363     0.1059     0.7571         0.0810
       10x38SF    13361         30.5000       625.9600           0.4462     0.0435     0.1204     0.7647         0.0489     8127              11       137.5880           0.1611     0.0425     0.1173     0.7544         0.0804
        12x10E     9389         30.5000       626.4680           0.6339     0.0503     0.1174     0.6382         0.0491     5650              11       140.3350           0.2344     0.0512     0.1164     0.6192         0.0799
       10x47SF    12436         30.5000       627.8020           0.4805     0.0541     0.1389     0.7634         0.0488     7537              11       137.7110           0.1732     0.0529     0.1360     0.7556         0.0809
         105x6    12412         30.5000       628.4530           0.4819     0.0427     0.1147     0.7257         0.0488     7537              11       142.9800           0.1796     0.0431     0.1119     0.6934         0.0779
   10x45MRF-RH    14021         30.5000       630.2990           0.4291     0.0381     0.1094     0.7581         0.0484     8519              11       141.8530           0.1580     0.0379     0.1066     0.7331         0.0783
   10x38MRF-RH    13645         30.5000       631.1090           0.4406     0.0412     0.1153     0.7589         0.0485     8292              11       141.4710           0.1617     0.0410     0.1125     0.7358         0.0784
          11x8    10873         30.5000       631.1950           0.5534     0.0507     0.1241     0.6895         0.0485     6559              11       143.4880           0.2062     0.0517     0.1225     0.6616         0.0778
       10x45MR    13927         30.5000       631.8130           0.4330     0.0389     0.1109     0.7568         0.0483     8459              11       142.2270           0.1593     0.0387     0.1081     0.7318         0.0781
         12x11     8984         30.5000       633.0700           0.6727     0.0584     0.1285     0.6289         0.0482     5392              11       143.6000           0.2501     0.0599     0.1277     0.6075         0.0783
         11x8E    11104         30.5000       634.3560           0.5447     0.0478     0.1191     0.6853         0.0482     6702              11       142.7590           0.2014     0.0484     0.1174     0.6636         0.0781
        13x13N     8422         30.5000       642.4910           0.7236     0.0478     0.1058     0.5748         0.0479     5071              11       143.3190           0.2690     0.0491     0.1054     0.5566         0.0773
         11x8F    11260         30.5000       643.1220           0.5436     0.0463     0.1157     0.6775         0.0476     6805              11       144.0390           0.2009     0.0469     0.1141     0.6556         0.0771
         10x5E    14328         30.5000       643.7440           0.4283     0.0364     0.1047     0.7433         0.0475     8719              11       145.1180           0.1583     0.0363     0.1018     0.7148         0.0763
       10x55MR    13086         30.5000       646.1920           0.4711     0.0480     0.1256     0.7403         0.0473     7936              11       144.5400           0.1732     0.0479     0.1231     0.7186         0.0763
          10x4    15180         30.5000       647.6670           0.4071     0.0308     0.0933     0.7387         0.0472     9293              11       149.1730           0.1523     0.0307     0.0896     0.6969         0.0742
        10x6-4    11461         30.5000       648.7600           0.5387     0.0714     0.1635     0.7382         0.0473     6957              11       148.2670           0.2033     0.0732     0.1602     0.6984         0.0744
        11x85E    11009         30.5000       650.4680           0.5641     0.0504     0.1213     0.6680         0.0469     6632              11       146.0490           0.2084     0.0510     0.1198     0.6474         0.0764
          10x5    14138         30.5000       652.3440           0.4399     0.0383     0.1075     0.7336         0.0468     8615              11       148.8580           0.1639     0.0384     0.1042     0.6985         0.0745
  10x58EP(F2B)    13576         30.5000       656.8000           0.4608     0.0436     0.1166     0.7287         0.0466     8241              11       147.6860           0.1702     0.0437     0.1140     0.7037         0.0750
         13x14     7522         30.5000       657.0180           0.8269     0.0697     0.1346     0.5656         0.0470     4509              11       147.7040           0.3059     0.0713     0.1341     0.5486         0.0769
          10x3    17094         30.5000       659.3870           0.3683     0.0220     0.0736     0.7246         0.0463    10540              11       154.2100           0.1392     0.0218     0.0697     0.6724         0.0717
         10x6E    13625         30.5000       661.6640           0.4628     0.0434     0.1157     0.7229         0.0463     8268              11       148.4870           0.1709     0.0435     0.1132     0.6986         0.0747
        95x5MR    14528         30.5000       663.4500           0.4351     0.0464     0.1250     0.7596         0.0461     8826              11       147.7840           0.1594     0.0461     0.1221     0.7381         0.0748
       13x135N     8404         30.5000       666.4000           0.7521     0.0499     0.1063     0.5542         0.0462     5060              11       148.4740           0.2791     0.0512     0.1059     0.5375         0.0745
          10x6    13435         30.5000       667.5270           0.4730     0.0457     0.1190     0.7177         0.0459     8169              11       150.8690           0.1758     0.0459     0.1161     0.6874         0.0733
         12x12     8948         30.5000       668.8680           0.7133     0.0624     0.1295     0.5958         0.0457     5368              11       151.0320           0.2644     0.0639     0.1289     0.5769         0.0744
        10x7SF    11085         30.5000       670.8260           0.5776     0.0819     0.1749     0.7130         0.0456     6679              11       147.1980           0.2084     0.0811     0.1730     0.7084         0.0758
         10x6F    14257         30.5000       679.3910           0.4543     0.0389     0.1057     0.7038         0.0450     8661              11       153.0630           0.1677     0.0389     0.1031     0.6796         0.0725
        12x12N     9204         30.5000       683.1470           0.7059     0.0583     0.1222     0.5844         0.0449     5524              11       153.9830           0.2617     0.0597     0.1216     0.5667         0.0730
         95x45    17496         30.5000       684.8180           0.3732     0.0275     0.0862     0.7355         0.0446    10749              11       157.4980           0.1397     0.0272     0.0823     0.6917         0.0701
         10x7E    13174         30.5000       685.8660           0.4965     0.0499     0.1239     0.6974         0.0446     7983              11       153.4860           0.1832     0.0501     0.1218     0.6759         0.0717
        9x37SF    17430         30.5000       689.1080           0.3769     0.0366     0.1078     0.7714         0.0444    10662              11       150.9430           0.1348     0.0350     0.1038     0.7633         0.0733
          10x7    13036         30.5000       689.2780           0.5046     0.0518     0.1266     0.6941         0.0443     7901              11       155.1750           0.1873     0.0523     0.1242     0.6671         0.0712
         11x10    10651         30.5000       691.9600           0.6183     0.0589     0.1293     0.6293         0.0443     6409              11       155.5750           0.2294     0.0602     0.1283     0.6089         0.0718
        9x38SF    15848         30.5000       694.5290           0.4181     0.0491     0.1305     0.7649         0.0440     9648              11       152.4960           0.1503     0.0476     0.1268     0.7563         0.0726
        9x41SF    16925         30.5000       694.7470           0.3918     0.0404     0.1144     0.7649         0.0439    10322              11       152.1130           0.1402     0.0388     0.1107     0.7583         0.0728
          95x6    15035         30.5000       701.8490           0.4456     0.0444     0.1168     0.7171         0.0435     9147              11       158.7390           0.1655     0.0446     0.1137     0.6862         0.0696
        9x47SF    14768         30.5000       704.6950           0.4550     0.0616     0.1502     0.7540         0.0434     8975              11       153.9560           0.1634     0.0599     0.1468     0.7490         0.0715
        9x46SF    16451         30.5000       704.8130           0.4083     0.0445     0.1210     0.7544         0.0434    10019              11       153.8210           0.1464     0.0431     0.1178     0.7490         0.0716
     11x55R-RH    15535         30.5000       707.0600           0.4337     0.0194     0.0608     0.6155         0.0433     9472              11       159.2800           0.1597     0.0192     0.0589     0.5924         0.0696
    9x45MRF-RH    16495         30.5000       708.5010           0.4094     0.0444     0.1204     0.7505         0.0432    10049              11       158.3580           0.1500     0.0439     0.1170     0.7282         0.0696
          93x3    18853         30.5000       708.7400           0.3589     0.0253     0.0809     0.7253         0.0431    11654              11       164.2920           0.1344     0.0248     0.0763     0.6779         0.0672
        12x12E     9288         30.5000       708.9860           0.7258     0.0589     0.1200     0.5633         0.0433     5577              11       158.3160           0.2670     0.0597     0.1194     0.5505         0.0711
         12x13     8933         30.5000       709.6800           0.7577     0.0665     0.1299     0.5618         0.0431     5357              11       159.7160           0.2801     0.0679     0.1294     0.5465         0.0704
        9x45MR    16534         30.5000       709.8590           0.4092     0.0442     0.1198     0.7491         0.0431    10073              11       158.7940           0.1500     0.0437     0.1165     0.7264         0.0694
        11x10E    10818         30.5000       710.4820           0.6256     0.0578     0.1255     0.6126         0.0431     6507              11       158.9650           0.2304     0.0587     0.1244     0.5970         0.0703
         9x45E    16906         30.5000       711.6480           0.4017     0.0415     0.1147     0.7467         0.0429    10308              11       160.0940           0.1479     0.0411     0.1111     0.7198         0.0691
          10x8    12787         30.5000       716.6680           0.5341     0.0569     0.1314     0.6674         0.0427     7727              11       161.0790           0.1981     0.0577     0.1295     0.6441         0.0689
           9x4    18208         30.5000       718.8480           0.3768     0.0336     0.0989     0.7388         0.0425    11186              11       164.4540           0.1402     0.0331     0.0944     0.6995         0.0671
         10x8E    12909         30.5000       720.8530           0.5327     0.0557     0.1291     0.6637         0.0424     7793              11       160.6790           0.1962     0.0563     0.1274     0.6458         0.0690
        12x13N     9194         30.5000       721.0130           0.7464     0.0618     0.1225     0.5534         0.0425     5515              11       161.9680           0.2759     0.0631     0.1220     0.5386         0.0695
           9x5    17166         30.5000       732.1190           0.4071     0.0408     0.1112     0.7255         0.0417    10488              11       166.4980           0.1509     0.0404     0.1073     0.6929         0.0665
           9x3    19482         30.5000       733.0360           0.3588     0.0279     0.0863     0.7249         0.0417    12050              11       169.2170           0.1338     0.0272     0.0814     0.6814         0.0651
         9x6-4    13559         30.5000       734.3040           0.5160     0.0829     0.1781     0.7238         0.0417     8227              11       167.8450           0.1936     0.0843     0.1742     0.6883         0.0660
         11x11    10603         30.5000       734.3120           0.6588     0.0633     0.1304     0.5932         0.0418     6373              11       164.6670           0.2437     0.0647     0.1297     0.5766         0.0678
         95x7N    20745         30.5000       735.0130           0.3380     0.0165     0.0582     0.6761         0.0416    12494              11       167.7350           0.1289     0.0190     0.0607     0.6428         0.0657
         9x6SF    13777         30.5000       739.6960           0.5118     0.0796     0.1726     0.7190         0.0413     8328              11       161.4770           0.1841     0.0782     0.1700     0.7153         0.0688
        9x8E-3    12527         30.5000       739.9650           0.5624     0.1057     0.2086     0.7190         0.0414     7557              11       165.3620           0.2074     0.1069     0.2062     0.6993         0.0673
          9x6E    15591         30.5000       744.2560           0.4552     0.0552     0.1348     0.7142            NaN     9457              11       166.3060           0.1673     0.0551     0.1319     0.6933            NaN
        875x50    17381         30.5000       748.5950           0.4106     0.0462     0.1214     0.7301         0.0408    10607              11       169.3150           0.1520     0.0459     0.1174     0.6996         0.0653
        11x12W     9766         30.5000       749.0390           0.7297     0.0827     0.1537     0.5815         0.0409     5876              11       166.8870           0.2692     0.0842     0.1530     0.5671         0.0665
        925x60    17924         30.5000       752.7110           0.4009     0.0322     0.0915     0.6868         0.0405    10916              11       170.9260           0.1493     0.0323     0.0889     0.6553         0.0645
           9x6    16455         30.5000       754.2100           0.4369     0.0476     0.1210     0.7049         0.0406    10019              11       169.5650           0.1619     0.0476     0.1178     0.6771         0.0649
        95x75N    15646         30.5000       754.9880           0.4602     0.0424     0.1078     0.6669         0.0405     9460              11       170.5140           0.1713     0.0431     0.1061     0.6412         0.0650
          9x5F    18059         30.5000       756.0610           0.3998     0.0362     0.1005     0.7021         0.0404    11046              11       170.0710           0.1469     0.0356     0.0969     0.6762         0.0647
         12x14     8935         30.5000       756.2060           0.8074     0.0709     0.1299     0.5269         0.0404     5356              11       169.2370           0.2976     0.0722     0.1294     0.5141         0.0665
          9x65    16003         30.5000       758.0800           0.4525     0.0522     0.1280     0.7000         0.0402     9698              11       171.3470           0.1678     0.0526     0.1254     0.6739         0.0646
          10x9    12606         30.5000       760.7720           0.5748     0.0630     0.1352     0.6292         0.0403     7596              11       170.5190           0.2126     0.0640     0.1339     0.6102         0.0652
         11x12    10625         30.5000       776.3750           0.6951     0.0665     0.1299     0.5613         0.0395     6384              11       173.1490           0.2563     0.0678     0.1293     0.5473         0.0646
           9x7    16170         30.5000       784.4680           0.4627     0.0522     0.1254     0.6773         0.0389     9803              11       176.6040           0.1713     0.0526     0.1228     0.6536         0.0626
        8x38SF    19152         30.5000       788.7050           0.3931     0.0571     0.1431     0.7580         0.0387    11685              11       172.8160           0.1406     0.0547     0.1385     0.7517         0.0640
        9x75SF    13293         30.5000       789.5780           0.5660     0.0945     0.1854     0.6740         0.0388     8021              11       171.5500           0.2041     0.0937     0.1837     0.6710         0.0642
        8x41SF    19974         30.5000       789.5880           0.3776     0.0504     0.1317     0.7570         0.0386    12186              11       172.3600           0.1347     0.0482     0.1275     0.7522         0.0640
          9x75    15736         30.5000       798.2700           0.4836     0.0577     0.1323     0.6657         0.0383     9504              11       179.1680           0.1790     0.0584     0.1306     0.6445         0.0619
        11x12E    10163         30.5000       800.2040           0.7498     0.0785     0.1421     0.5442         0.0383     6114              11       176.4830           0.2746     0.0794     0.1414     0.5344         0.0628
          9x3N    23026         30.5000       800.3990           0.3319     0.0185     0.0618     0.6631         0.0381    14496              11       178.4320           0.1171     0.0164     0.0562     0.6465         0.0618
         9x75E    14989         30.5000       800.6400           0.5100     0.0671     0.1460     0.6630         0.0381     9060              11       177.6270           0.1871     0.0673     0.1439     0.6472         0.0621
          8x4E    21054         30.5000       804.7470           0.3649     0.0438     0.1184     0.7421         0.0379    12897              11       180.8560           0.1335     0.0427     0.1139     0.7175         0.0609
        8x47SF    17923         30.5000       810.7410           0.4317     0.0716     0.1635     0.7370         0.0376    10894              11       176.3690           0.1545     0.0693     0.1595     0.7339         0.0625
        8x45MR    20177         30.5000       812.6300           0.3845     0.0503     0.1290     0.7353         0.0376    12295              11       181.2210           0.1404     0.0494     0.1251     0.7152         0.0609
          78x4    23330         30.5000       813.7000           0.3329     0.0325     0.0964     0.7343         0.0375    14435              11       186.5670           0.1232     0.0315     0.0908     0.6946         0.0591
         10x10    12519         30.5000       815.4380           0.6201     0.0689     0.1371     0.5875         0.0376     7532              11       181.5570           0.2285     0.0700     0.1361     0.5727         0.0613
          9x6N    19800         30.5000       818.3830           0.3944     0.0297     0.0836     0.6494         0.0373    12062              11       182.6250           0.1443     0.0293     0.0812     0.6304         0.0603
           8x4    22281         30.5000       821.4390           0.3518     0.0377     0.1057     0.7274         0.0372    13736              11       185.8820           0.1292     0.0364     0.1003     0.6954         0.0593
        10x10E    12687         30.5000       825.5990           0.6198     0.0671     0.1334     0.5797         0.0371     7635              11       182.8120           0.2270     0.0678     0.1326     0.5685         0.0608
         11x13    10622         30.5000       829.8390           0.7430     0.0712     0.1300     0.5250         0.0370     6380              11       184.5130           0.2730     0.0723     0.1294     0.5139         0.0606
           9x8    15905         30.5000       835.8080           0.5017     0.0586     0.1296     0.6358         0.0365     9599              11       187.1380           0.1852     0.0593     0.1280     0.6170         0.0592
       875x70N    18418         30.5000       837.0490           0.4335     0.0435     0.1081     0.6530         0.0365    11144              11       187.2560           0.1601     0.0438     0.1065     0.6327         0.0589
           8x5    21183         30.5000       838.2770           0.3776     0.0448     0.1170     0.7128         0.0364    12957              11       188.4570           0.1390     0.0441     0.1128     0.6857         0.0584
          9x85    15614         30.5000       852.4650           0.5204     0.0630     0.1344     0.6236         0.0359     9409              11       189.9340           0.1918     0.0638     0.1332     0.6076         0.0583
         8x6SF    17029         30.5000       860.8530           0.4829     0.0886     0.1811     0.6940         0.0354    10291              11       187.4910           0.1734     0.0870     0.1785     0.6913         0.0590
          8x6E    18997         30.5000       869.0600           0.4369     0.0645     0.1456     0.6870         0.0351    11517              11       193.2320           0.1598     0.0640     0.1426     0.6705         0.0572
       875x75N    18353         30.5000       870.6070           0.4523     0.0457     0.1089     0.6283         0.0351    11090              11       193.6130           0.1663     0.0460     0.1076     0.6124         0.0569
          8x4F    23831         30.5000       871.6250           0.3491     0.0327     0.0925     0.6855         0.0350    14744              11       195.3250           0.1263     0.0309     0.0871     0.6630         0.0565
           8x6    20696         30.5000       875.9420           0.4037     0.0501     0.1226     0.6830         0.0349    12570              11       195.9680           0.1487     0.0500     0.1197     0.6603         0.0564
       875x75W    19168         30.5000       879.0170           0.4377     0.0405     0.0998     0.6220         0.0347    11583              11       194.5450           0.1601     0.0405     0.0985     0.6089         0.0568
         8x375    25293         30.5000       889.9150           0.3357     0.0279     0.0821     0.6728         0.0344    15760              11       192.7420           0.1166     0.0250     0.0762     0.6726         0.0572
          9x9E    14795         30.5000       891.8540           0.5750     0.0776     0.1497     0.5958            NaN     8921              11       196.6000           0.2101     0.0779     0.1485     0.5857            NaN
           9x9    15804         30.5000       896.2490           0.5411     0.0640     0.1312     0.5928         0.0341     9519              11       199.1330           0.1987     0.0647     0.1301     0.5791         0.0556
      875x75NN    19460         30.5000       914.5190           0.4483     0.0402     0.0969     0.5982         0.0334    11749              11       201.1120           0.1629     0.0401     0.0958     0.5897         0.0549
       7x38WSF    22328         30.5000       916.2260           0.3915     0.0815     0.1797     0.7460         0.0333    13613              11       199.5330           0.1398     0.0782     0.1741     0.7416         0.0553
      9x45R-RH    21976         30.5000       919.3550           0.3996     0.0245     0.0679     0.5776         0.0332    13420              11       191.1840           0.1357     0.0222     0.0656     0.6023         0.0578
      875x80NN    19458         30.5000       921.5850           0.4516     0.0405     0.0969     0.5933         0.0332    11742              11       202.2530           0.1639     0.0404     0.0959     0.5867         0.0546
         11x14    11062         30.5000       926.0570           0.7988     0.0707     0.1200     0.4699         0.0330     6639              11       205.1250           0.2921     0.0715     0.1197     0.4616         0.0544
          78x6    22053         30.5000       927.0090           0.4013     0.0498     0.1195     0.6608         0.0329    13400              11       206.4220           0.1467     0.0493     0.1166     0.6440         0.0535
     875x775NN    19476         30.5000       927.3740           0.4543     0.0407     0.0967     0.5891         0.0330    11758              11       203.7880           0.1651     0.0406     0.0956     0.5810         0.0542
         7x4SF    24832         30.5000       928.4220           0.3570     0.0601     0.1453     0.7352         0.0329    15176              11       201.3700           0.1267     0.0571     0.1403     0.7340         0.0547
           8x7    20443         30.5000       928.4770           0.4332     0.0551     0.1256     0.6441         0.0329    12362              11       206.0270           0.1587     0.0552     0.1238     0.6288         0.0536
        7x41SF    25233         30.5000       928.7310           0.3515     0.0573     0.1407     0.7350         0.0329    15389              11       201.3330           0.1248     0.0547     0.1363     0.7344         0.0548
          7x4E    26017         30.5000       937.9150           0.3444     0.0528     0.1324     0.7280         0.0325    15961              11       208.8230           0.1248     0.0509     0.1268     0.7089         0.0527
       10x12WE    11903         30.5000       946.3150           0.7586     0.0934     0.1518     0.5050         0.0323     7156              11       207.8840           0.2763     0.0939     0.1511     0.4993         0.0533
       875x85N    18274         30.5000       950.1510           0.4959     0.0505     0.1099     0.5755         0.0322    11023              11       208.7200           0.1809     0.0507     0.1089     0.5661         0.0527
         88x85    18784         30.5000       953.2490           0.4842     0.0461     0.1031     0.5724         0.0321    11335              11       209.3630           0.1758     0.0459     0.1019     0.5650         0.0528
           7x4    27273         30.5000       962.5040           0.3369     0.0470     0.1204     0.7097         0.0317    16828              11       212.2030           0.1201     0.0440     0.1140     0.6981         0.0519
          9x10    15831         30.5000       970.7360           0.5849     0.0689     0.1308     0.5480         0.0315     9526              11       214.2190           0.2138     0.0694     0.1300     0.5381         0.0517
     875x825NN    19442         30.5000       970.7970           0.4763     0.0428     0.0970     0.5634         0.0315    11726              11       212.0390           0.1722     0.0425     0.0962     0.5589         0.0521
         88x89    18671         30.5000       979.8480           0.5004     0.0482     0.1043     0.5566         0.0312    11250              11       213.6300           0.1807     0.0479     0.1035     0.5537         0.0517
           7x3    30828         30.5000       980.4740           0.3036     0.0331     0.0942     0.6966         0.0312    19396              11       211.6420           0.1042     0.0287     0.0859     0.6990         0.0521
         7x5SF    23989         30.5000       982.9830           0.3915     0.0706     0.1557     0.6940         0.0310    14546              11       212.7060           0.1395     0.0683     0.1526     0.6956         0.0519
      875x875W    19077         30.5000       983.1500           0.4920     0.0459     0.1008     0.5555         0.0310    11500              11       215.1220           0.1780     0.0457     0.0999     0.5515         0.0514
          7x5E    24791         30.5000       985.7680           0.3795     0.0641     0.1458     0.6930         0.0310    15102              11       217.9120           0.1377     0.0627     0.1416     0.6783         0.0505
     875x875NN    19415         30.5000       991.3430           0.4869     0.0440     0.0973     0.5515         0.0308    11702              11       215.6320           0.1755     0.0436     0.0966     0.5498         0.0512
       875x90W    19048         30.5000       998.2100           0.5004     0.0469     0.1012     0.5477         0.0306    11480              11       217.7520           0.1807     0.0466     0.1003     0.5439         0.0508
         88x90    18744         30.5000       998.5940           0.5084     0.0486     0.1035     0.5460         0.0306    11304              11       218.5040           0.1838     0.0483     0.1025     0.5419         0.0506
           8x8    20354         30.5000      1005.7490           0.4714     0.0605     0.1267     0.5943         0.0304    12281              11       221.2990           0.1717     0.0605     0.1255     0.5858         0.0499
          8x8E    18466         30.5000      1006.7020           0.5198     0.0811     0.1539     0.5940            NaN    11143              11       221.4790           0.1891     0.0811     0.1524     0.5863            NaN
           7x5    26580         30.5000      1007.1620           0.3616     0.0531     0.1268     0.6782         0.0303    16240              11       220.3170           0.1294     0.0509     0.1225     0.6720         0.0500
    9x39SFR-PC    23411         30.5000      1007.4280           0.4101     0.0220     0.0597     0.5306         0.0305    14544              11       194.9030           0.1278     0.0178     0.0559     0.5902         0.0566
        88x875    18678         30.5000      1008.9150           0.5152     0.0496     0.1042     0.5406         0.0303    11258              11       219.6860           0.1859     0.0493     0.1033     0.5378         0.0503
          8x73    21069         30.5000      1011.2580           0.4582     0.0549     0.1183     0.5907         0.0302    12706              11       221.7100           0.1661     0.0547     0.1172     0.5851         0.0498
       9x44SFR    23067         30.5000      1014.7730           0.4200     0.0233     0.0616     0.5244         0.0301    14188              11       197.5280           0.1327     0.0195     0.0587     0.5836         0.0558
      875x90NN    19404         30.5000      1016.6320           0.4996     0.0451     0.0974     0.5382         0.0301    11693              11       220.6390           0.1796     0.0447     0.0967     0.5371         0.0501
          78x7    21695         30.5000      1017.0620           0.4472     0.0574     0.1234     0.6032         0.0300    13120              11       222.5870           0.1617     0.0568     0.1217     0.5974         0.0495
      875x925W    19048         30.5000      1023.8250           0.5132     0.0481     0.1012     0.5337         0.0298    11477              11       223.1370           0.1850     0.0477     0.1003     0.5314         0.0495
     875x925NN    19391         30.5000      1027.4740           0.5055     0.0457     0.0975     0.5323         0.0298    11684              11       222.9120           0.1815     0.0452     0.0969     0.5321         0.0496
        88x925    18682         30.5000      1044.1680           0.5330     0.0513     0.1041     0.5223         0.0293    11260              11       227.1110           0.1919     0.0508     0.1033     0.5208         0.0486
         88x95    18786         30.5000      1047.8730           0.5323     0.0516     0.1045     0.5219         0.0292    11323              11       227.8230           0.1918     0.0511     0.1035     0.5200         0.0485
        88x975    18809         30.5000      1049.7140           0.5326     0.0517     0.1047     0.5218         0.0291    11338              11       228.6940           0.1919     0.0513     0.1037     0.5200         0.0483
          7x6W    24051         30.5000      1052.8560           0.4180     0.0750     0.1549     0.6489         0.0290    14611              11       232.5920           0.1517     0.0736     0.1512     0.6368         0.0474
          7x6E    24243         30.5000      1059.5350           0.4171     0.0736     0.1524     0.6445         0.0288    14686              11       233.0670           0.1511     0.0726     0.1497     0.6361         0.0473
         7x6SF    23578         30.5000      1061.1770           0.4295     0.0801     0.1611     0.6434         0.0288    14262              11       228.5820           0.1529     0.0779     0.1588     0.6470         0.0483
        74x75C    21599         30.5000      1066.5260           0.4711     0.0793     0.1537     0.6064         0.0286    13078              11       234.1200           0.1710     0.0786     0.1512     0.5972         0.0470
       6x42E-3    29125         30.5000      1070.9600           0.3511     0.0929     0.1957     0.7440         0.0285    17803              11       238.4230           0.1277     0.0904     0.1888     0.7244         0.0462
        74x76C    21570         30.5000      1077.1790           0.4763     0.0804     0.1541     0.6004         0.0284    13058              11       236.7240           0.1729     0.0797     0.1517     0.5912         0.0465
           7x6    26187         30.5000      1084.2560           0.3954     0.0598     0.1306     0.6299         0.0282    15882              11       234.4590           0.1409     0.0579     0.1281     0.6307         0.0470
        74x77C    21551         30.5000      1086.2110           0.4809     0.0813     0.1544     0.5950         0.0281    13043              11       238.1170           0.1744     0.0806     0.1521     0.5871         0.0462
           8x9    20294         30.5000      1106.6390           0.5201     0.0673     0.1275     0.5401         0.0276    12229              11       241.4210           0.1881     0.0669     0.1265     0.5367         0.0457
          63x4    32509         30.5000      1108.9730           0.3256     0.0563     0.1334     0.6899         0.0276    20088              11       238.1790           0.1132     0.0513     0.1260     0.6953         0.0462
          7x7E    24020         30.5000      1164.2320           0.4630     0.0833     0.1553     0.5859         0.0262    14498              11       254.1920           0.1669     0.0824     0.1535     0.5830         0.0434
           7x7    25784         30.5000      1177.2560           0.4359     0.0681     0.1348     0.5797         0.0259    15567              11       253.0110           0.1548     0.0662     0.1332     0.5857         0.0436
          7x9E    23683         30.5000      1185.4200           0.4764     0.0733     0.1283     0.5567         0.0271    14007              11       179.2360           0.1222     0.0232     0.0721     0.6717         0.0615
          7x4F    30644         30.5000      1186.3430           0.3693     0.0408     0.0954     0.5767         0.0258    19079              11       233.4870           0.1167     0.0333     0.0887     0.6332         0.0471
         65x37    33528         30.5000      1210.8710           0.3447     0.0461     0.1072     0.6086         0.0253    20762              11       229.4970           0.1054     0.0368     0.1008     0.6950         0.0480
          8x10    19776         30.5000      1215.9350           0.5866     0.0798     0.1343     0.4914         0.0251    11908              11       263.5540           0.2114     0.0793     0.1335     0.4908         0.0418
        5x4E-4    33975         30.5000      1282.0050           0.3604     0.1743     0.2983     0.7460            NaN    20733              11       283.7970           0.1307     0.1696     0.2887     0.7295            NaN
         65x29    35796         30.5000      1304.7730           0.3479     0.0408     0.0941     0.5647         0.0234    22472              11       228.0430           0.0968     0.0288     0.0860     0.6989         0.0483
       5x37E-3    38399         30.5000      1311.6740           0.3262     0.1235     0.2334     0.7284            NaN    23534              11       286.4880           0.1163     0.1172     0.2241     0.7221            NaN
          7x6F    29094         30.5000      1313.1160           0.4309     0.0529     0.1058     0.5198         0.0233    17676              11       258.4000           0.1395     0.0463     0.1034     0.5727         0.0427
        5x4E-3    34994         30.5000      1319.9760           0.3602     0.1642     0.2811     0.7240         0.0231    21336              11       290.4230           0.1299     0.1592     0.2726     0.7133         0.0379
           7x8    25773         30.5000      1329.2560           0.4922     0.0769     0.1349     0.5136         0.0230    15533              11       282.1330           0.1730     0.0743     0.1338     0.5251         0.0391
           6x4    35838         30.5000      1339.0990           0.3567     0.0623     0.1292     0.5957         0.0228    22063              11       251.3140           0.1089     0.0502     0.1230     0.6861         0.0438
      51x50E-3    35818         30.5000      1411.7380           0.3764     0.1484     0.2479     0.6635         0.0216    21753              11       306.7860           0.1347     0.1439     0.2423     0.6615         0.0359
           7x9    25751         30.5000      1490.0610           0.5524     0.0864     0.1351     0.4585         0.0205    15509              11       313.7340           0.1928     0.0832     0.1343     0.4720         0.0352
    8x37SFR-PC    28850         30.5000      1582.3570           0.5233     0.0335     0.0630     0.3796         0.0194    17932              11       220.5230           0.1173     0.0194     0.0589     0.5868         0.0499
          7x10    25788         30.5000      1647.5840           0.6099     0.0952     0.1347     0.4143         0.0185    15533              11       345.1610           0.2118     0.0911     0.1338     0.4290         0.0320
       8x42SFR    28856         30.5000      1678.0960           0.5550     0.0355     0.0631     0.3573         0.0183    17619              11       226.8150           0.1227     0.0210     0.0610     0.5712         0.0486
         7x11E    24299         30.5000      1851.7500           0.7273     0.1278     0.1517     0.3691         0.0165    14619              11       394.1680           0.2570     0.1247     0.1511     0.3760         0.0280
         7x15E    24434         30.5000      2575.6140           1.0059     0.1748     0.1500     0.2651         0.0119    14693              11       543.2740           0.3524     0.1693     0.1496     0.2730         0.0203